n = 5
Winning player: Player 2
========================================

Path 1 (4 moves):
  (1, 1, 1, 1, 1)
  (0, 2, 1, 1, 1)
  (0, 0, 1, 3, 1)
  (0, 0, 0, 4, 1)
  (0, 0, 0, 5, 0)

Path 2 (4 moves):
  (1, 1, 1, 1, 1)
  (0, 2, 1, 1, 1)
  (0, 0, 1, 3, 1)
  (0, 0, 1, 4, 0)
  (0, 0, 0, 5, 0)

Path 3 (4 moves):
  (1, 1, 1, 1, 1)
  (0, 2, 1, 1, 1)
  (0, 3, 0, 1, 1)
  (0, 0, 0, 1, 4)
  (0, 0, 0, 0, 5)

Path 4 (4 moves):
  (1, 1, 1, 1, 1)
  (0, 2, 1, 1, 1)
  (0, 3, 0, 1, 1)
  (0, 3, 0, 0, 2)
  (0, 0, 0, 0, 5)

Path 5 (4 moves):
  (1, 1, 1, 1, 1)
  (0, 2, 1, 1, 1)
  (0, 3, 0, 1, 1)
  (0, 3, 0, 2, 0)
  (0, 5, 0, 0, 0)

Path 6 (4 moves):
  (1, 1, 1, 1, 1)
  (0, 2, 1, 1, 1)
  (0, 2, 2, 0, 1)
  (0, 2, 0, 0, 3)
  (0, 5, 0, 0, 0)

Path 7 (4 moves):
  (1, 1, 1, 1, 1)
  (0, 2, 1, 1, 1)
  (0, 2, 1, 2, 0)
  (0, 0, 1, 4, 0)
  (0, 0, 0, 5, 0)

Path 8 (4 moves):
  (1, 1, 1, 1, 1)
  (0, 2, 1, 1, 1)
  (0, 2, 1, 2, 0)
  (0, 3, 0, 2, 0)
  (0, 5, 0, 0, 0)

Path 9 (4 moves):
  (1, 1, 1, 1, 1)
  (0, 2, 1, 1, 1)
  (0, 2, 1, 2, 0)
  (0, 2, 0, 3, 0)
  (0, 0, 0, 5, 0)

Path 10 (4 moves):
  (1, 1, 1, 1, 1)
  (0, 2, 1, 1, 1)
  (0, 2, 1, 2, 0)
  (0, 4, 1, 0, 0)
  (0, 5, 0, 0, 0)

Path 11 (4 moves):
  (1, 1, 1, 1, 1)
  (2, 0, 1, 1, 1)
  (2, 0, 0, 2, 1)
  (2, 0, 0, 3, 0)
  (5, 0, 0, 0, 0)

Path 12 (4 moves):
  (1, 1, 1, 1, 1)
  (2, 0, 1, 1, 1)
  (2, 0, 1, 0, 2)
  (0, 0, 3, 0, 2)
  (0, 0, 5, 0, 0)

Path 13 (4 moves):
  (1, 1, 1, 1, 1)
  (2, 0, 1, 1, 1)
  (2, 0, 1, 0, 2)
  (2, 0, 3, 0, 0)
  (0, 0, 5, 0, 0)

Path 14 (4 moves):
  (1, 1, 1, 1, 1)
  (1, 0, 2, 1, 1)
  (1, 0, 0, 1, 3)
  (1, 0, 0, 0, 4)
  (5, 0, 0, 0, 0)

Path 15 (2 moves):
  (1, 1, 1, 1, 1)
  (1, 0, 2, 1, 1)
  (1, 0, 3, 0, 1)

Path 16 (4 moves):
  (1, 1, 1, 1, 1)
  (1, 0, 2, 1, 1)
  (1, 0, 2, 2, 0)
  (3, 0, 0, 2, 0)
  (0, 0, 0, 5, 0)

Path 17 (4 moves):
  (1, 1, 1, 1, 1)
  (1, 2, 0, 1, 1)
  (0, 3, 0, 1, 1)
  (0, 0, 0, 1, 4)
  (0, 0, 0, 0, 5)

Path 18 (4 moves):
  (1, 1, 1, 1, 1)
  (1, 2, 0, 1, 1)
  (0, 3, 0, 1, 1)
  (0, 3, 0, 0, 2)
  (0, 0, 0, 0, 5)

Path 19 (4 moves):
  (1, 1, 1, 1, 1)
  (1, 2, 0, 1, 1)
  (0, 3, 0, 1, 1)
  (0, 3, 0, 2, 0)
  (0, 5, 0, 0, 0)

Path 20 (4 moves):
  (1, 1, 1, 1, 1)
  (1, 2, 0, 1, 1)
  (1, 2, 0, 0, 2)
  (0, 3, 0, 0, 2)
  (0, 0, 0, 0, 5)

Path 21 (4 moves):
  (1, 1, 1, 1, 1)
  (1, 1, 0, 2, 1)
  (2, 0, 0, 2, 1)
  (2, 0, 0, 3, 0)
  (5, 0, 0, 0, 0)

Path 22 (4 moves):
  (1, 1, 1, 1, 1)
  (1, 1, 0, 2, 1)
  (1, 1, 0, 3, 0)
  (0, 2, 0, 3, 0)
  (0, 0, 0, 5, 0)

Path 23 (4 moves):
  (1, 1, 1, 1, 1)
  (1, 1, 0, 2, 1)
  (1, 1, 0, 3, 0)
  (2, 0, 0, 3, 0)
  (5, 0, 0, 0, 0)

Path 24 (4 moves):
  (1, 1, 1, 1, 1)
  (1, 1, 0, 2, 1)
  (1, 1, 0, 3, 0)
  (4, 1, 0, 0, 0)
  (5, 0, 0, 0, 0)

Path 25 (4 moves):
  (1, 1, 1, 1, 1)
  (1, 1, 2, 0, 1)
  (0, 2, 2, 0, 1)
  (0, 2, 0, 0, 3)
  (0, 5, 0, 0, 0)

Path 26 (2 moves):
  (1, 1, 1, 1, 1)
  (1, 1, 2, 0, 1)
  (1, 0, 3, 0, 1)

Path 27 (4 moves):
  (1, 1, 1, 1, 1)
  (1, 1, 2, 0, 1)
  (3, 1, 0, 0, 1)
  (4, 0, 0, 0, 1)
  (0, 0, 0, 0, 5)

Path 28 (4 moves):
  (1, 1, 1, 1, 1)
  (1, 1, 1, 0, 2)
  (2, 0, 1, 0, 2)
  (0, 0, 3, 0, 2)
  (0, 0, 5, 0, 0)

Path 29 (4 moves):
  (1, 1, 1, 1, 1)
  (1, 1, 1, 0, 2)
  (2, 0, 1, 0, 2)
  (2, 0, 3, 0, 0)
  (0, 0, 5, 0, 0)

Path 30 (4 moves):
  (1, 1, 1, 1, 1)
  (1, 1, 1, 0, 2)
  (1, 2, 0, 0, 2)
  (0, 3, 0, 0, 2)
  (0, 0, 0, 0, 5)

Path 31 (4 moves):
  (1, 1, 1, 1, 1)
  (1, 1, 1, 2, 0)
  (0, 2, 1, 2, 0)
  (0, 0, 1, 4, 0)
  (0, 0, 0, 5, 0)

Path 32 (4 moves):
  (1, 1, 1, 1, 1)
  (1, 1, 1, 2, 0)
  (0, 2, 1, 2, 0)
  (0, 3, 0, 2, 0)
  (0, 5, 0, 0, 0)

Path 33 (4 moves):
  (1, 1, 1, 1, 1)
  (1, 1, 1, 2, 0)
  (0, 2, 1, 2, 0)
  (0, 2, 0, 3, 0)
  (0, 0, 0, 5, 0)

Path 34 (4 moves):
  (1, 1, 1, 1, 1)
  (1, 1, 1, 2, 0)
  (0, 2, 1, 2, 0)
  (0, 4, 1, 0, 0)
  (0, 5, 0, 0, 0)

Path 35 (4 moves):
  (1, 1, 1, 1, 1)
  (1, 1, 1, 2, 0)
  (1, 0, 2, 2, 0)
  (3, 0, 0, 2, 0)
  (0, 0, 0, 5, 0)

Path 36 (4 moves):
  (1, 1, 1, 1, 1)
  (1, 1, 1, 2, 0)
  (1, 1, 0, 3, 0)
  (0, 2, 0, 3, 0)
  (0, 0, 0, 5, 0)

Path 37 (4 moves):
  (1, 1, 1, 1, 1)
  (1, 1, 1, 2, 0)
  (1, 1, 0, 3, 0)
  (2, 0, 0, 3, 0)
  (5, 0, 0, 0, 0)

Path 38 (4 moves):
  (1, 1, 1, 1, 1)
  (1, 1, 1, 2, 0)
  (1, 1, 0, 3, 0)
  (4, 1, 0, 0, 0)
  (5, 0, 0, 0, 0)

Path 39 (4 moves):
  (1, 1, 1, 1, 1)
  (1, 1, 1, 2, 0)
  (1, 3, 1, 0, 0)
  (0, 4, 1, 0, 0)
  (0, 5, 0, 0, 0)

Path 40 (4 moves):
  (1, 1, 1, 1, 1)
  (1, 1, 1, 2, 0)
  (1, 3, 1, 0, 0)
  (1, 4, 0, 0, 0)
  (0, 5, 0, 0, 0)

