n = 6
Winning player: Player 1
========================================

Path 1 (5 moves):
  (1, 1, 1, 1, 1, 1)
  (1, 1, 0, 2, 1, 1)
  (0, 2, 0, 2, 1, 1)
  (0, 2, 0, 0, 1, 3)
  (0, 2, 0, 0, 0, 4)
  (0, 6, 0, 0, 0, 0)

Path 2 (5 moves):
  (1, 1, 1, 1, 1, 1)
  (1, 1, 0, 2, 1, 1)
  (0, 2, 0, 2, 1, 1)
  (0, 2, 0, 2, 0, 2)
  (0, 0, 0, 4, 0, 2)
  (0, 0, 0, 6, 0, 0)

Path 3 (5 moves):
  (1, 1, 1, 1, 1, 1)
  (1, 1, 0, 2, 1, 1)
  (0, 2, 0, 2, 1, 1)
  (0, 2, 0, 2, 0, 2)
  (0, 4, 0, 0, 0, 2)
  (0, 0, 0, 0, 0, 6)

Path 4 (5 moves):
  (1, 1, 1, 1, 1, 1)
  (1, 1, 0, 2, 1, 1)
  (0, 2, 0, 2, 1, 1)
  (0, 2, 0, 2, 0, 2)
  (0, 2, 0, 0, 0, 4)
  (0, 6, 0, 0, 0, 0)

Path 5 (5 moves):
  (1, 1, 1, 1, 1, 1)
  (1, 1, 0, 2, 1, 1)
  (0, 2, 0, 2, 1, 1)
  (0, 2, 0, 2, 0, 2)
  (0, 2, 0, 4, 0, 0)
  (0, 0, 0, 6, 0, 0)

Path 6 (5 moves):
  (1, 1, 1, 1, 1, 1)
  (1, 1, 0, 2, 1, 1)
  (2, 0, 0, 2, 1, 1)
  (2, 0, 0, 3, 0, 1)
  (5, 0, 0, 0, 0, 1)
  (0, 0, 0, 0, 0, 6)

Path 7 (3 moves):
  (1, 1, 1, 1, 1, 1)
  (1, 1, 0, 2, 1, 1)
  (2, 0, 0, 2, 1, 1)
  (2, 0, 0, 2, 2, 0)

Path 8 (5 moves):
  (1, 1, 1, 1, 1, 1)
  (1, 1, 0, 2, 1, 1)
  (1, 3, 0, 0, 1, 1)
  (1, 3, 0, 0, 0, 2)
  (0, 4, 0, 0, 0, 2)
  (0, 0, 0, 0, 0, 6)

Path 9 (5 moves):
  (1, 1, 1, 1, 1, 1)
  (1, 1, 0, 2, 1, 1)
  (1, 1, 0, 0, 1, 3)
  (0, 2, 0, 0, 1, 3)
  (0, 2, 0, 0, 0, 4)
  (0, 6, 0, 0, 0, 0)

Path 10 (5 moves):
  (1, 1, 1, 1, 1, 1)
  (1, 1, 0, 2, 1, 1)
  (1, 1, 0, 3, 0, 1)
  (2, 0, 0, 3, 0, 1)
  (5, 0, 0, 0, 0, 1)
  (0, 0, 0, 0, 0, 6)

Path 11 (5 moves):
  (1, 1, 1, 1, 1, 1)
  (1, 1, 0, 2, 1, 1)
  (1, 1, 0, 3, 0, 1)
  (4, 1, 0, 0, 0, 1)
  (5, 0, 0, 0, 0, 1)
  (0, 0, 0, 0, 0, 6)

Path 12 (5 moves):
  (1, 1, 1, 1, 1, 1)
  (1, 1, 0, 2, 1, 1)
  (1, 1, 0, 2, 0, 2)
  (0, 2, 0, 2, 0, 2)
  (0, 0, 0, 4, 0, 2)
  (0, 0, 0, 6, 0, 0)

Path 13 (5 moves):
  (1, 1, 1, 1, 1, 1)
  (1, 1, 0, 2, 1, 1)
  (1, 1, 0, 2, 0, 2)
  (0, 2, 0, 2, 0, 2)
  (0, 4, 0, 0, 0, 2)
  (0, 0, 0, 0, 0, 6)

Path 14 (5 moves):
  (1, 1, 1, 1, 1, 1)
  (1, 1, 0, 2, 1, 1)
  (1, 1, 0, 2, 0, 2)
  (0, 2, 0, 2, 0, 2)
  (0, 2, 0, 0, 0, 4)
  (0, 6, 0, 0, 0, 0)

Path 15 (5 moves):
  (1, 1, 1, 1, 1, 1)
  (1, 1, 0, 2, 1, 1)
  (1, 1, 0, 2, 0, 2)
  (0, 2, 0, 2, 0, 2)
  (0, 2, 0, 4, 0, 0)
  (0, 0, 0, 6, 0, 0)

Path 16 (5 moves):
  (1, 1, 1, 1, 1, 1)
  (1, 1, 0, 2, 1, 1)
  (1, 1, 0, 2, 0, 2)
  (1, 3, 0, 0, 0, 2)
  (0, 4, 0, 0, 0, 2)
  (0, 0, 0, 0, 0, 6)

Path 17 (3 moves):
  (1, 1, 1, 1, 1, 1)
  (1, 1, 0, 2, 1, 1)
  (1, 1, 0, 2, 2, 0)
  (2, 0, 0, 2, 2, 0)

Path 18 (3 moves):
  (1, 1, 1, 1, 1, 1)
  (1, 1, 2, 0, 1, 1)
  (0, 2, 2, 0, 1, 1)
  (0, 2, 2, 0, 0, 2)

Path 19 (5 moves):
  (1, 1, 1, 1, 1, 1)
  (1, 1, 2, 0, 1, 1)
  (2, 0, 2, 0, 1, 1)
  (2, 0, 0, 0, 3, 1)
  (2, 0, 0, 0, 4, 0)
  (6, 0, 0, 0, 0, 0)

Path 20 (5 moves):
  (1, 1, 1, 1, 1, 1)
  (1, 1, 2, 0, 1, 1)
  (2, 0, 2, 0, 1, 1)
  (2, 0, 2, 0, 2, 0)
  (0, 0, 4, 0, 2, 0)
  (0, 0, 6, 0, 0, 0)

Path 21 (5 moves):
  (1, 1, 1, 1, 1, 1)
  (1, 1, 2, 0, 1, 1)
  (2, 0, 2, 0, 1, 1)
  (2, 0, 2, 0, 2, 0)
  (4, 0, 0, 0, 2, 0)
  (0, 0, 0, 0, 6, 0)

Path 22 (5 moves):
  (1, 1, 1, 1, 1, 1)
  (1, 1, 2, 0, 1, 1)
  (2, 0, 2, 0, 1, 1)
  (2, 0, 2, 0, 2, 0)
  (2, 0, 0, 0, 4, 0)
  (6, 0, 0, 0, 0, 0)

Path 23 (5 moves):
  (1, 1, 1, 1, 1, 1)
  (1, 1, 2, 0, 1, 1)
  (2, 0, 2, 0, 1, 1)
  (2, 0, 2, 0, 2, 0)
  (2, 0, 4, 0, 0, 0)
  (0, 0, 6, 0, 0, 0)

Path 24 (5 moves):
  (1, 1, 1, 1, 1, 1)
  (1, 1, 2, 0, 1, 1)
  (1, 0, 3, 0, 1, 1)
  (1, 0, 0, 0, 1, 4)
  (1, 0, 0, 0, 0, 5)
  (6, 0, 0, 0, 0, 0)

Path 25 (5 moves):
  (1, 1, 1, 1, 1, 1)
  (1, 1, 2, 0, 1, 1)
  (1, 0, 3, 0, 1, 1)
  (1, 0, 3, 0, 0, 2)
  (1, 0, 0, 0, 0, 5)
  (6, 0, 0, 0, 0, 0)

Path 26 (5 moves):
  (1, 1, 1, 1, 1, 1)
  (1, 1, 2, 0, 1, 1)
  (3, 1, 0, 0, 1, 1)
  (3, 1, 0, 0, 2, 0)
  (4, 0, 0, 0, 2, 0)
  (0, 0, 0, 0, 6, 0)

Path 27 (5 moves):
  (1, 1, 1, 1, 1, 1)
  (1, 1, 2, 0, 1, 1)
  (1, 1, 0, 0, 3, 1)
  (2, 0, 0, 0, 3, 1)
  (2, 0, 0, 0, 4, 0)
  (6, 0, 0, 0, 0, 0)

Path 28 (3 moves):
  (1, 1, 1, 1, 1, 1)
  (1, 1, 2, 0, 1, 1)
  (1, 1, 2, 0, 0, 2)
  (0, 2, 2, 0, 0, 2)

Path 29 (5 moves):
  (1, 1, 1, 1, 1, 1)
  (1, 1, 2, 0, 1, 1)
  (1, 1, 2, 0, 0, 2)
  (1, 0, 3, 0, 0, 2)
  (1, 0, 0, 0, 0, 5)
  (6, 0, 0, 0, 0, 0)

Path 30 (5 moves):
  (1, 1, 1, 1, 1, 1)
  (1, 1, 2, 0, 1, 1)
  (1, 1, 2, 0, 2, 0)
  (2, 0, 2, 0, 2, 0)
  (0, 0, 4, 0, 2, 0)
  (0, 0, 6, 0, 0, 0)

Path 31 (5 moves):
  (1, 1, 1, 1, 1, 1)
  (1, 1, 2, 0, 1, 1)
  (1, 1, 2, 0, 2, 0)
  (2, 0, 2, 0, 2, 0)
  (4, 0, 0, 0, 2, 0)
  (0, 0, 0, 0, 6, 0)

Path 32 (5 moves):
  (1, 1, 1, 1, 1, 1)
  (1, 1, 2, 0, 1, 1)
  (1, 1, 2, 0, 2, 0)
  (2, 0, 2, 0, 2, 0)
  (2, 0, 0, 0, 4, 0)
  (6, 0, 0, 0, 0, 0)

Path 33 (5 moves):
  (1, 1, 1, 1, 1, 1)
  (1, 1, 2, 0, 1, 1)
  (1, 1, 2, 0, 2, 0)
  (2, 0, 2, 0, 2, 0)
  (2, 0, 4, 0, 0, 0)
  (0, 0, 6, 0, 0, 0)

Path 34 (5 moves):
  (1, 1, 1, 1, 1, 1)
  (1, 1, 2, 0, 1, 1)
  (1, 1, 2, 0, 2, 0)
  (3, 1, 0, 0, 2, 0)
  (4, 0, 0, 0, 2, 0)
  (0, 0, 0, 0, 6, 0)

