n = 7
Winning player: Player 2
========================================

Path 1 (6 moves):
  (1, 1, 1, 1, 1, 1, 1)
  (0, 2, 1, 1, 1, 1, 1)
  (0, 2, 1, 2, 0, 1, 1)
  (0, 0, 1, 4, 0, 1, 1)
  (0, 0, 1, 4, 0, 2, 0)
  (0, 0, 0, 5, 0, 2, 0)
  (0, 0, 0, 7, 0, 0, 0)

Path 2 (6 moves):
  (1, 1, 1, 1, 1, 1, 1)
  (0, 2, 1, 1, 1, 1, 1)
  (0, 2, 1, 2, 0, 1, 1)
  (0, 0, 1, 4, 0, 1, 1)
  (0, 0, 1, 4, 0, 2, 0)
  (0, 0, 1, 6, 0, 0, 0)
  (0, 0, 0, 7, 0, 0, 0)

Path 3 (6 moves):
  (1, 1, 1, 1, 1, 1, 1)
  (0, 2, 1, 1, 1, 1, 1)
  (0, 2, 1, 2, 0, 1, 1)
  (0, 3, 0, 2, 0, 1, 1)
  (0, 3, 0, 0, 0, 3, 1)
  (0, 3, 0, 0, 0, 4, 0)
  (0, 7, 0, 0, 0, 0, 0)

Path 4 (6 moves):
  (1, 1, 1, 1, 1, 1, 1)
  (0, 2, 1, 1, 1, 1, 1)
  (0, 2, 1, 2, 0, 1, 1)
  (0, 3, 0, 2, 0, 1, 1)
  (0, 3, 0, 2, 0, 0, 2)
  (0, 5, 0, 0, 0, 0, 2)
  (0, 0, 0, 0, 0, 0, 7)

Path 5 (6 moves):
  (1, 1, 1, 1, 1, 1, 1)
  (0, 2, 1, 1, 1, 1, 1)
  (0, 2, 1, 2, 0, 1, 1)
  (0, 2, 0, 3, 0, 1, 1)
  (0, 2, 0, 0, 0, 1, 4)
  (0, 2, 0, 0, 0, 0, 5)
  (0, 7, 0, 0, 0, 0, 0)

Path 6 (6 moves):
  (1, 1, 1, 1, 1, 1, 1)
  (0, 2, 1, 1, 1, 1, 1)
  (0, 2, 1, 2, 0, 1, 1)
  (0, 2, 0, 3, 0, 1, 1)
  (0, 2, 0, 3, 0, 2, 0)
  (0, 0, 0, 5, 0, 2, 0)
  (0, 0, 0, 7, 0, 0, 0)

Path 7 (6 moves):
  (1, 1, 1, 1, 1, 1, 1)
  (0, 2, 1, 1, 1, 1, 1)
  (0, 2, 1, 2, 0, 1, 1)
  (0, 2, 0, 3, 0, 1, 1)
  (0, 2, 0, 3, 0, 2, 0)
  (0, 2, 0, 5, 0, 0, 0)
  (0, 0, 0, 7, 0, 0, 0)

Path 8 (6 moves):
  (1, 1, 1, 1, 1, 1, 1)
  (0, 2, 1, 1, 1, 1, 1)
  (0, 2, 1, 2, 0, 1, 1)
  (0, 4, 1, 0, 0, 1, 1)
  (0, 4, 1, 0, 0, 0, 2)
  (0, 5, 0, 0, 0, 0, 2)
  (0, 0, 0, 0, 0, 0, 7)

Path 9 (6 moves):
  (1, 1, 1, 1, 1, 1, 1)
  (0, 2, 1, 1, 1, 1, 1)
  (0, 2, 1, 2, 0, 1, 1)
  (0, 2, 1, 0, 0, 3, 1)
  (0, 3, 0, 0, 0, 3, 1)
  (0, 3, 0, 0, 0, 4, 0)
  (0, 7, 0, 0, 0, 0, 0)

Path 10 (6 moves):
  (1, 1, 1, 1, 1, 1, 1)
  (0, 2, 1, 1, 1, 1, 1)
  (0, 2, 1, 2, 0, 1, 1)
  (0, 2, 1, 0, 0, 3, 1)
  (0, 2, 4, 0, 0, 0, 1)
  (0, 2, 0, 0, 0, 0, 5)
  (0, 7, 0, 0, 0, 0, 0)

Path 11 (6 moves):
  (1, 1, 1, 1, 1, 1, 1)
  (0, 2, 1, 1, 1, 1, 1)
  (0, 2, 1, 2, 0, 1, 1)
  (0, 2, 1, 0, 0, 3, 1)
  (0, 2, 1, 0, 0, 4, 0)
  (0, 3, 0, 0, 0, 4, 0)
  (0, 7, 0, 0, 0, 0, 0)

Path 12 (6 moves):
  (1, 1, 1, 1, 1, 1, 1)
  (0, 2, 1, 1, 1, 1, 1)
  (0, 2, 1, 2, 0, 1, 1)
  (0, 2, 1, 0, 0, 3, 1)
  (0, 2, 1, 0, 0, 4, 0)
  (0, 6, 1, 0, 0, 0, 0)
  (0, 7, 0, 0, 0, 0, 0)

Path 13 (6 moves):
  (1, 1, 1, 1, 1, 1, 1)
  (0, 2, 1, 1, 1, 1, 1)
  (0, 2, 1, 2, 0, 1, 1)
  (0, 2, 1, 2, 0, 0, 2)
  (0, 3, 0, 2, 0, 0, 2)
  (0, 5, 0, 0, 0, 0, 2)
  (0, 0, 0, 0, 0, 0, 7)

Path 14 (6 moves):
  (1, 1, 1, 1, 1, 1, 1)
  (0, 2, 1, 1, 1, 1, 1)
  (0, 2, 1, 2, 0, 1, 1)
  (0, 2, 1, 2, 0, 0, 2)
  (0, 4, 1, 0, 0, 0, 2)
  (0, 5, 0, 0, 0, 0, 2)
  (0, 0, 0, 0, 0, 0, 7)

Path 15 (6 moves):
  (1, 1, 1, 1, 1, 1, 1)
  (0, 2, 1, 1, 1, 1, 1)
  (0, 2, 1, 2, 0, 1, 1)
  (0, 2, 1, 2, 0, 2, 0)
  (0, 0, 1, 4, 0, 2, 0)
  (0, 0, 0, 5, 0, 2, 0)
  (0, 0, 0, 7, 0, 0, 0)

Path 16 (6 moves):
  (1, 1, 1, 1, 1, 1, 1)
  (0, 2, 1, 1, 1, 1, 1)
  (0, 2, 1, 2, 0, 1, 1)
  (0, 2, 1, 2, 0, 2, 0)
  (0, 0, 1, 4, 0, 2, 0)
  (0, 0, 1, 6, 0, 0, 0)
  (0, 0, 0, 7, 0, 0, 0)

Path 17 (6 moves):
  (1, 1, 1, 1, 1, 1, 1)
  (0, 2, 1, 1, 1, 1, 1)
  (0, 2, 1, 2, 0, 1, 1)
  (0, 2, 1, 2, 0, 2, 0)
  (0, 2, 0, 3, 0, 2, 0)
  (0, 0, 0, 5, 0, 2, 0)
  (0, 0, 0, 7, 0, 0, 0)

Path 18 (6 moves):
  (1, 1, 1, 1, 1, 1, 1)
  (0, 2, 1, 1, 1, 1, 1)
  (0, 2, 1, 2, 0, 1, 1)
  (0, 2, 1, 2, 0, 2, 0)
  (0, 2, 0, 3, 0, 2, 0)
  (0, 2, 0, 5, 0, 0, 0)
  (0, 0, 0, 7, 0, 0, 0)

Path 19 (6 moves):
  (1, 1, 1, 1, 1, 1, 1)
  (0, 2, 1, 1, 1, 1, 1)
  (0, 2, 1, 2, 0, 1, 1)
  (0, 2, 1, 2, 0, 2, 0)
  (0, 2, 1, 0, 0, 4, 0)
  (0, 3, 0, 0, 0, 4, 0)
  (0, 7, 0, 0, 0, 0, 0)

Path 20 (6 moves):
  (1, 1, 1, 1, 1, 1, 1)
  (0, 2, 1, 1, 1, 1, 1)
  (0, 2, 1, 2, 0, 1, 1)
  (0, 2, 1, 2, 0, 2, 0)
  (0, 2, 1, 0, 0, 4, 0)
  (0, 6, 1, 0, 0, 0, 0)
  (0, 7, 0, 0, 0, 0, 0)

Path 21 (6 moves):
  (1, 1, 1, 1, 1, 1, 1)
  (2, 0, 1, 1, 1, 1, 1)
  (0, 0, 3, 1, 1, 1, 1)
  (0, 0, 0, 1, 1, 4, 1)
  (0, 0, 0, 2, 0, 4, 1)
  (0, 0, 0, 0, 0, 6, 1)
  (0, 0, 0, 0, 0, 7, 0)

Path 22 (6 moves):
  (1, 1, 1, 1, 1, 1, 1)
  (2, 0, 1, 1, 1, 1, 1)
  (0, 0, 3, 1, 1, 1, 1)
  (0, 0, 0, 1, 1, 4, 1)
  (0, 0, 0, 2, 0, 4, 1)
  (0, 0, 0, 2, 0, 5, 0)
  (0, 0, 0, 0, 0, 7, 0)

Path 23 (6 moves):
  (1, 1, 1, 1, 1, 1, 1)
  (2, 0, 1, 1, 1, 1, 1)
  (0, 0, 3, 1, 1, 1, 1)
  (0, 0, 4, 0, 1, 1, 1)
  (0, 0, 4, 0, 1, 2, 0)
  (0, 0, 4, 0, 0, 3, 0)
  (0, 0, 7, 0, 0, 0, 0)

Path 24 (4 moves):
  (1, 1, 1, 1, 1, 1, 1)
  (2, 0, 1, 1, 1, 1, 1)
  (0, 0, 3, 1, 1, 1, 1)
  (0, 0, 3, 0, 2, 1, 1)
  (0, 0, 3, 0, 3, 0, 1)

Path 25 (6 moves):
  (1, 1, 1, 1, 1, 1, 1)
  (2, 0, 1, 1, 1, 1, 1)
  (0, 0, 3, 1, 1, 1, 1)
  (0, 0, 3, 2, 0, 1, 1)
  (0, 0, 0, 2, 0, 4, 1)
  (0, 0, 0, 0, 0, 6, 1)
  (0, 0, 0, 0, 0, 7, 0)

Path 26 (6 moves):
  (1, 1, 1, 1, 1, 1, 1)
  (2, 0, 1, 1, 1, 1, 1)
  (0, 0, 3, 1, 1, 1, 1)
  (0, 0, 3, 2, 0, 1, 1)
  (0, 0, 0, 2, 0, 4, 1)
  (0, 0, 0, 2, 0, 5, 0)
  (0, 0, 0, 0, 0, 7, 0)

Path 27 (4 moves):
  (1, 1, 1, 1, 1, 1, 1)
  (2, 0, 1, 1, 1, 1, 1)
  (0, 0, 3, 1, 1, 1, 1)
  (0, 0, 3, 2, 0, 1, 1)
  (0, 0, 3, 2, 0, 0, 2)

Path 28 (6 moves):
  (1, 1, 1, 1, 1, 1, 1)
  (2, 0, 1, 1, 1, 1, 1)
  (0, 0, 3, 1, 1, 1, 1)
  (0, 0, 3, 1, 0, 2, 1)
  (0, 0, 3, 3, 0, 0, 1)
  (0, 0, 3, 0, 0, 0, 4)
  (0, 0, 7, 0, 0, 0, 0)

Path 29 (4 moves):
  (1, 1, 1, 1, 1, 1, 1)
  (2, 0, 1, 1, 1, 1, 1)
  (0, 0, 3, 1, 1, 1, 1)
  (0, 0, 3, 1, 2, 0, 1)
  (0, 0, 3, 0, 3, 0, 1)

Path 30 (4 moves):
  (1, 1, 1, 1, 1, 1, 1)
  (2, 0, 1, 1, 1, 1, 1)
  (0, 0, 3, 1, 1, 1, 1)
  (0, 0, 3, 1, 1, 0, 2)
  (0, 0, 3, 2, 0, 0, 2)

Path 31 (6 moves):
  (1, 1, 1, 1, 1, 1, 1)
  (2, 0, 1, 1, 1, 1, 1)
  (0, 0, 3, 1, 1, 1, 1)
  (0, 0, 3, 1, 1, 2, 0)
  (0, 0, 4, 0, 1, 2, 0)
  (0, 0, 4, 0, 0, 3, 0)
  (0, 0, 7, 0, 0, 0, 0)

Path 32 (4 moves):
  (1, 1, 1, 1, 1, 1, 1)
  (2, 0, 1, 1, 1, 1, 1)
  (2, 0, 1, 1, 1, 0, 2)
  (0, 0, 3, 1, 1, 0, 2)
  (0, 0, 3, 2, 0, 0, 2)

Path 33 (4 moves):
  (1, 1, 1, 1, 1, 1, 1)
  (2, 0, 1, 1, 1, 1, 1)
  (2, 0, 1, 1, 1, 0, 2)
  (2, 0, 0, 2, 1, 0, 2)
  (2, 0, 0, 2, 3, 0, 0)

Path 34 (6 moves):
  (1, 1, 1, 1, 1, 1, 1)
  (2, 0, 1, 1, 1, 1, 1)
  (2, 0, 1, 1, 1, 0, 2)
  (2, 0, 2, 0, 1, 0, 2)
  (4, 0, 0, 0, 1, 0, 2)
  (0, 0, 0, 0, 5, 0, 2)
  (0, 0, 0, 0, 7, 0, 0)

Path 35 (6 moves):
  (1, 1, 1, 1, 1, 1, 1)
  (2, 0, 1, 1, 1, 1, 1)
  (2, 0, 1, 1, 1, 0, 2)
  (2, 0, 2, 0, 1, 0, 2)
  (4, 0, 0, 0, 1, 0, 2)
  (4, 0, 0, 0, 3, 0, 0)
  (0, 0, 0, 0, 7, 0, 0)

Path 36 (6 moves):
  (1, 1, 1, 1, 1, 1, 1)
  (2, 0, 1, 1, 1, 1, 1)
  (2, 0, 1, 1, 1, 0, 2)
  (2, 0, 1, 0, 2, 0, 2)
  (2, 0, 1, 0, 0, 0, 4)
  (0, 0, 3, 0, 0, 0, 4)
  (0, 0, 7, 0, 0, 0, 0)

Path 37 (6 moves):
  (1, 1, 1, 1, 1, 1, 1)
  (2, 0, 1, 1, 1, 1, 1)
  (2, 0, 1, 1, 1, 0, 2)
  (2, 0, 1, 0, 2, 0, 2)
  (2, 0, 1, 0, 0, 0, 4)
  (2, 0, 5, 0, 0, 0, 0)
  (0, 0, 7, 0, 0, 0, 0)

Path 38 (4 moves):
  (1, 1, 1, 1, 1, 1, 1)
  (2, 0, 1, 1, 1, 1, 1)
  (2, 0, 1, 1, 1, 0, 2)
  (2, 0, 1, 2, 0, 0, 2)
  (0, 0, 3, 2, 0, 0, 2)

Path 39 (4 moves):
  (1, 1, 1, 1, 1, 1, 1)
  (2, 0, 1, 1, 1, 1, 1)
  (2, 0, 1, 1, 1, 0, 2)
  (2, 0, 1, 1, 3, 0, 0)
  (2, 0, 0, 2, 3, 0, 0)

Path 40 (6 moves):
  (1, 1, 1, 1, 1, 1, 1)
  (1, 0, 2, 1, 1, 1, 1)
  (1, 0, 2, 1, 2, 0, 1)
  (3, 0, 0, 1, 2, 0, 1)
  (0, 0, 0, 4, 2, 0, 1)
  (0, 0, 0, 4, 0, 0, 3)
  (0, 0, 0, 7, 0, 0, 0)

Path 41 (4 moves):
  (1, 1, 1, 1, 1, 1, 1)
  (1, 0, 2, 1, 1, 1, 1)
  (1, 0, 2, 1, 2, 0, 1)
  (3, 0, 0, 1, 2, 0, 1)
  (3, 0, 0, 0, 3, 0, 1)

Path 42 (6 moves):
  (1, 1, 1, 1, 1, 1, 1)
  (1, 0, 2, 1, 1, 1, 1)
  (1, 0, 2, 1, 2, 0, 1)
  (3, 0, 0, 1, 2, 0, 1)
  (3, 0, 0, 1, 0, 0, 3)
  (0, 0, 0, 4, 0, 0, 3)
  (0, 0, 0, 7, 0, 0, 0)

Path 43 (6 moves):
  (1, 1, 1, 1, 1, 1, 1)
  (1, 0, 2, 1, 1, 1, 1)
  (1, 0, 2, 1, 2, 0, 1)
  (3, 0, 0, 1, 2, 0, 1)
  (3, 0, 0, 1, 0, 0, 3)
  (3, 0, 0, 4, 0, 0, 0)
  (0, 0, 0, 7, 0, 0, 0)

Path 44 (4 moves):
  (1, 1, 1, 1, 1, 1, 1)
  (1, 0, 2, 1, 1, 1, 1)
  (1, 0, 2, 1, 2, 0, 1)
  (1, 0, 0, 1, 4, 0, 1)
  (1, 0, 0, 0, 5, 0, 1)

Path 45 (4 moves):
  (1, 1, 1, 1, 1, 1, 1)
  (1, 0, 2, 1, 1, 1, 1)
  (1, 0, 2, 1, 2, 0, 1)
  (1, 0, 0, 1, 4, 0, 1)
  (5, 0, 0, 1, 0, 0, 1)

Path 46 (4 moves):
  (1, 1, 1, 1, 1, 1, 1)
  (1, 0, 2, 1, 1, 1, 1)
  (1, 0, 2, 1, 2, 0, 1)
  (1, 0, 3, 0, 2, 0, 1)
  (1, 0, 5, 0, 0, 0, 1)

Path 47 (4 moves):
  (1, 1, 1, 1, 1, 1, 1)
  (1, 0, 2, 1, 1, 1, 1)
  (1, 0, 2, 1, 2, 0, 1)
  (1, 0, 3, 0, 2, 0, 1)
  (1, 0, 3, 0, 0, 0, 3)

Path 48 (4 moves):
  (1, 1, 1, 1, 1, 1, 1)
  (1, 0, 2, 1, 1, 1, 1)
  (1, 0, 2, 1, 2, 0, 1)
  (1, 0, 2, 0, 3, 0, 1)
  (3, 0, 0, 0, 3, 0, 1)

Path 49 (4 moves):
  (1, 1, 1, 1, 1, 1, 1)
  (1, 0, 2, 1, 1, 1, 1)
  (1, 0, 2, 1, 2, 0, 1)
  (1, 0, 2, 0, 3, 0, 1)
  (1, 0, 0, 0, 5, 0, 1)

Path 50 (4 moves):
  (1, 1, 1, 1, 1, 1, 1)
  (1, 0, 2, 1, 1, 1, 1)
  (1, 0, 2, 1, 2, 0, 1)
  (1, 0, 4, 1, 0, 0, 1)
  (1, 0, 0, 1, 0, 0, 5)

Path 51 (4 moves):
  (1, 1, 1, 1, 1, 1, 1)
  (1, 0, 2, 1, 1, 1, 1)
  (1, 0, 2, 1, 2, 0, 1)
  (1, 0, 4, 1, 0, 0, 1)
  (1, 0, 5, 0, 0, 0, 1)

Path 52 (6 moves):
  (1, 1, 1, 1, 1, 1, 1)
  (1, 0, 2, 1, 1, 1, 1)
  (1, 0, 2, 1, 2, 0, 1)
  (1, 0, 2, 1, 0, 0, 3)
  (3, 0, 0, 1, 0, 0, 3)
  (0, 0, 0, 4, 0, 0, 3)
  (0, 0, 0, 7, 0, 0, 0)

Path 53 (6 moves):
  (1, 1, 1, 1, 1, 1, 1)
  (1, 0, 2, 1, 1, 1, 1)
  (1, 0, 2, 1, 2, 0, 1)
  (1, 0, 2, 1, 0, 0, 3)
  (3, 0, 0, 1, 0, 0, 3)
  (3, 0, 0, 4, 0, 0, 0)
  (0, 0, 0, 7, 0, 0, 0)

Path 54 (4 moves):
  (1, 1, 1, 1, 1, 1, 1)
  (1, 0, 2, 1, 1, 1, 1)
  (1, 0, 2, 1, 2, 0, 1)
  (1, 0, 2, 1, 0, 0, 3)
  (1, 0, 3, 0, 0, 0, 3)

Path 55 (6 moves):
  (1, 1, 1, 1, 1, 1, 1)
  (1, 0, 2, 1, 1, 1, 1)
  (1, 0, 2, 1, 2, 0, 1)
  (1, 0, 2, 1, 0, 0, 3)
  (1, 0, 2, 4, 0, 0, 0)
  (3, 0, 0, 4, 0, 0, 0)
  (0, 0, 0, 7, 0, 0, 0)

Path 56 (6 moves):
  (1, 1, 1, 1, 1, 1, 1)
  (1, 2, 0, 1, 1, 1, 1)
  (1, 2, 0, 2, 0, 1, 1)
  (0, 3, 0, 2, 0, 1, 1)
  (0, 3, 0, 0, 0, 3, 1)
  (0, 3, 0, 0, 0, 4, 0)
  (0, 7, 0, 0, 0, 0, 0)

Path 57 (6 moves):
  (1, 1, 1, 1, 1, 1, 1)
  (1, 2, 0, 1, 1, 1, 1)
  (1, 2, 0, 2, 0, 1, 1)
  (0, 3, 0, 2, 0, 1, 1)
  (0, 3, 0, 2, 0, 0, 2)
  (0, 5, 0, 0, 0, 0, 2)
  (0, 0, 0, 0, 0, 0, 7)

Path 58 (4 moves):
  (1, 1, 1, 1, 1, 1, 1)
  (1, 2, 0, 1, 1, 1, 1)
  (1, 2, 0, 2, 0, 1, 1)
  (1, 0, 0, 4, 0, 1, 1)
  (1, 0, 0, 4, 0, 0, 2)

Path 59 (6 moves):
  (1, 1, 1, 1, 1, 1, 1)
  (1, 2, 0, 1, 1, 1, 1)
  (1, 2, 0, 2, 0, 1, 1)
  (1, 4, 0, 0, 0, 1, 1)
  (1, 4, 0, 0, 0, 0, 2)
  (0, 5, 0, 0, 0, 0, 2)
  (0, 0, 0, 0, 0, 0, 7)

Path 60 (6 moves):
  (1, 1, 1, 1, 1, 1, 1)
  (1, 2, 0, 1, 1, 1, 1)
  (1, 2, 0, 2, 0, 1, 1)
  (1, 2, 0, 0, 0, 3, 1)
  (0, 3, 0, 0, 0, 3, 1)
  (0, 3, 0, 0, 0, 4, 0)
  (0, 7, 0, 0, 0, 0, 0)

Path 61 (6 moves):
  (1, 1, 1, 1, 1, 1, 1)
  (1, 2, 0, 1, 1, 1, 1)
  (1, 2, 0, 2, 0, 1, 1)
  (1, 2, 0, 0, 0, 3, 1)
  (1, 2, 0, 0, 0, 4, 0)
  (0, 3, 0, 0, 0, 4, 0)
  (0, 7, 0, 0, 0, 0, 0)

Path 62 (6 moves):
  (1, 1, 1, 1, 1, 1, 1)
  (1, 2, 0, 1, 1, 1, 1)
  (1, 2, 0, 2, 0, 1, 1)
  (1, 2, 0, 0, 0, 3, 1)
  (1, 2, 0, 0, 0, 4, 0)
  (1, 6, 0, 0, 0, 0, 0)
  (0, 7, 0, 0, 0, 0, 0)

Path 63 (6 moves):
  (1, 1, 1, 1, 1, 1, 1)
  (1, 2, 0, 1, 1, 1, 1)
  (1, 2, 0, 2, 0, 1, 1)
  (1, 2, 0, 2, 0, 0, 2)
  (0, 3, 0, 2, 0, 0, 2)
  (0, 5, 0, 0, 0, 0, 2)
  (0, 0, 0, 0, 0, 0, 7)

Path 64 (4 moves):
  (1, 1, 1, 1, 1, 1, 1)
  (1, 2, 0, 1, 1, 1, 1)
  (1, 2, 0, 2, 0, 1, 1)
  (1, 2, 0, 2, 0, 0, 2)
  (1, 0, 0, 4, 0, 0, 2)

Path 65 (6 moves):
  (1, 1, 1, 1, 1, 1, 1)
  (1, 2, 0, 1, 1, 1, 1)
  (1, 2, 0, 2, 0, 1, 1)
  (1, 2, 0, 2, 0, 0, 2)
  (1, 4, 0, 0, 0, 0, 2)
  (0, 5, 0, 0, 0, 0, 2)
  (0, 0, 0, 0, 0, 0, 7)

Path 66 (6 moves):
  (1, 1, 1, 1, 1, 1, 1)
  (1, 2, 0, 1, 1, 1, 1)
  (1, 2, 0, 2, 0, 1, 1)
  (1, 2, 0, 2, 0, 2, 0)
  (1, 2, 0, 0, 0, 4, 0)
  (0, 3, 0, 0, 0, 4, 0)
  (0, 7, 0, 0, 0, 0, 0)

Path 67 (6 moves):
  (1, 1, 1, 1, 1, 1, 1)
  (1, 2, 0, 1, 1, 1, 1)
  (1, 2, 0, 2, 0, 1, 1)
  (1, 2, 0, 2, 0, 2, 0)
  (1, 2, 0, 0, 0, 4, 0)
  (1, 6, 0, 0, 0, 0, 0)
  (0, 7, 0, 0, 0, 0, 0)

Path 68 (4 moves):
  (1, 1, 1, 1, 1, 1, 1)
  (1, 2, 0, 1, 1, 1, 1)
  (1, 2, 0, 1, 0, 2, 1)
  (0, 3, 0, 1, 0, 2, 1)
  (0, 3, 0, 1, 0, 3, 0)

Path 69 (4 moves):
  (1, 1, 1, 1, 1, 1, 1)
  (1, 2, 0, 1, 1, 1, 1)
  (1, 2, 0, 1, 0, 2, 1)
  (1, 0, 0, 3, 0, 2, 1)
  (1, 0, 0, 0, 0, 2, 4)

Path 70 (4 moves):
  (1, 1, 1, 1, 1, 1, 1)
  (1, 2, 0, 1, 1, 1, 1)
  (1, 2, 0, 1, 0, 2, 1)
  (1, 0, 0, 3, 0, 2, 1)
  (1, 0, 0, 5, 0, 0, 1)

Path 71 (4 moves):
  (1, 1, 1, 1, 1, 1, 1)
  (1, 2, 0, 1, 1, 1, 1)
  (1, 2, 0, 1, 0, 2, 1)
  (1, 2, 0, 3, 0, 0, 1)
  (1, 0, 0, 5, 0, 0, 1)

Path 72 (4 moves):
  (1, 1, 1, 1, 1, 1, 1)
  (1, 2, 0, 1, 1, 1, 1)
  (1, 2, 0, 1, 0, 2, 1)
  (1, 2, 0, 3, 0, 0, 1)
  (4, 2, 0, 0, 0, 0, 1)

Path 73 (4 moves):
  (1, 1, 1, 1, 1, 1, 1)
  (1, 2, 0, 1, 1, 1, 1)
  (1, 2, 0, 1, 0, 2, 1)
  (1, 2, 0, 1, 0, 3, 0)
  (0, 3, 0, 1, 0, 3, 0)

Path 74 (6 moves):
  (1, 1, 1, 1, 1, 1, 1)
  (1, 1, 0, 2, 1, 1, 1)
  (1, 3, 0, 0, 1, 1, 1)
  (0, 4, 0, 0, 1, 1, 1)
  (0, 0, 0, 0, 1, 5, 1)
  (0, 0, 0, 0, 0, 6, 1)
  (0, 0, 0, 0, 0, 7, 0)

Path 75 (6 moves):
  (1, 1, 1, 1, 1, 1, 1)
  (1, 1, 0, 2, 1, 1, 1)
  (1, 3, 0, 0, 1, 1, 1)
  (0, 4, 0, 0, 1, 1, 1)
  (0, 0, 0, 0, 1, 5, 1)
  (0, 0, 0, 0, 1, 6, 0)
  (0, 0, 0, 0, 0, 7, 0)

Path 76 (6 moves):
  (1, 1, 1, 1, 1, 1, 1)
  (1, 1, 0, 2, 1, 1, 1)
  (1, 3, 0, 0, 1, 1, 1)
  (0, 4, 0, 0, 1, 1, 1)
  (0, 4, 0, 0, 0, 2, 1)
  (0, 0, 0, 0, 0, 6, 1)
  (0, 0, 0, 0, 0, 7, 0)

Path 77 (6 moves):
  (1, 1, 1, 1, 1, 1, 1)
  (1, 1, 0, 2, 1, 1, 1)
  (1, 3, 0, 0, 1, 1, 1)
  (0, 4, 0, 0, 1, 1, 1)
  (0, 4, 0, 0, 0, 2, 1)
  (0, 4, 0, 0, 0, 3, 0)
  (0, 0, 0, 0, 0, 7, 0)

Path 78 (6 moves):
  (1, 1, 1, 1, 1, 1, 1)
  (1, 1, 0, 2, 1, 1, 1)
  (1, 3, 0, 0, 1, 1, 1)
  (0, 4, 0, 0, 1, 1, 1)
  (0, 4, 0, 0, 1, 0, 2)
  (0, 4, 0, 0, 3, 0, 0)
  (0, 7, 0, 0, 0, 0, 0)

Path 79 (6 moves):
  (1, 1, 1, 1, 1, 1, 1)
  (1, 1, 0, 2, 1, 1, 1)
  (1, 3, 0, 0, 1, 1, 1)
  (0, 4, 0, 0, 1, 1, 1)
  (0, 4, 0, 0, 1, 2, 0)
  (0, 0, 0, 0, 1, 6, 0)
  (0, 0, 0, 0, 0, 7, 0)

Path 80 (6 moves):
  (1, 1, 1, 1, 1, 1, 1)
  (1, 1, 0, 2, 1, 1, 1)
  (1, 3, 0, 0, 1, 1, 1)
  (0, 4, 0, 0, 1, 1, 1)
  (0, 4, 0, 0, 1, 2, 0)
  (0, 4, 0, 0, 0, 3, 0)
  (0, 0, 0, 0, 0, 7, 0)

Path 81 (4 moves):
  (1, 1, 1, 1, 1, 1, 1)
  (1, 1, 0, 2, 1, 1, 1)
  (1, 3, 0, 0, 1, 1, 1)
  (1, 0, 0, 0, 4, 1, 1)
  (1, 0, 0, 0, 5, 0, 1)

Path 82 (6 moves):
  (1, 1, 1, 1, 1, 1, 1)
  (1, 1, 0, 2, 1, 1, 1)
  (1, 3, 0, 0, 1, 1, 1)
  (1, 0, 0, 0, 4, 1, 1)
  (1, 0, 0, 0, 4, 2, 0)
  (5, 0, 0, 0, 0, 2, 0)
  (0, 0, 0, 0, 0, 7, 0)

Path 83 (6 moves):
  (1, 1, 1, 1, 1, 1, 1)
  (1, 1, 0, 2, 1, 1, 1)
  (1, 3, 0, 0, 1, 1, 1)
  (1, 3, 0, 0, 0, 2, 1)
  (0, 4, 0, 0, 0, 2, 1)
  (0, 0, 0, 0, 0, 6, 1)
  (0, 0, 0, 0, 0, 7, 0)

Path 84 (6 moves):
  (1, 1, 1, 1, 1, 1, 1)
  (1, 1, 0, 2, 1, 1, 1)
  (1, 3, 0, 0, 1, 1, 1)
  (1, 3, 0, 0, 0, 2, 1)
  (0, 4, 0, 0, 0, 2, 1)
  (0, 4, 0, 0, 0, 3, 0)
  (0, 0, 0, 0, 0, 7, 0)

Path 85 (6 moves):
  (1, 1, 1, 1, 1, 1, 1)
  (1, 1, 0, 2, 1, 1, 1)
  (1, 3, 0, 0, 1, 1, 1)
  (1, 3, 0, 0, 0, 2, 1)
  (1, 3, 0, 0, 0, 3, 0)
  (0, 4, 0, 0, 0, 3, 0)
  (0, 0, 0, 0, 0, 7, 0)

Path 86 (4 moves):
  (1, 1, 1, 1, 1, 1, 1)
  (1, 1, 0, 2, 1, 1, 1)
  (1, 3, 0, 0, 1, 1, 1)
  (1, 3, 0, 0, 2, 0, 1)
  (1, 0, 0, 0, 5, 0, 1)

Path 87 (6 moves):
  (1, 1, 1, 1, 1, 1, 1)
  (1, 1, 0, 2, 1, 1, 1)
  (1, 3, 0, 0, 1, 1, 1)
  (1, 3, 0, 0, 1, 0, 2)
  (0, 4, 0, 0, 1, 0, 2)
  (0, 4, 0, 0, 3, 0, 0)
  (0, 7, 0, 0, 0, 0, 0)

Path 88 (6 moves):
  (1, 1, 1, 1, 1, 1, 1)
  (1, 1, 0, 2, 1, 1, 1)
  (1, 3, 0, 0, 1, 1, 1)
  (1, 3, 0, 0, 1, 2, 0)
  (0, 4, 0, 0, 1, 2, 0)
  (0, 0, 0, 0, 1, 6, 0)
  (0, 0, 0, 0, 0, 7, 0)

Path 89 (6 moves):
  (1, 1, 1, 1, 1, 1, 1)
  (1, 1, 0, 2, 1, 1, 1)
  (1, 3, 0, 0, 1, 1, 1)
  (1, 3, 0, 0, 1, 2, 0)
  (0, 4, 0, 0, 1, 2, 0)
  (0, 4, 0, 0, 0, 3, 0)
  (0, 0, 0, 0, 0, 7, 0)

Path 90 (6 moves):
  (1, 1, 1, 1, 1, 1, 1)
  (1, 1, 0, 2, 1, 1, 1)
  (1, 3, 0, 0, 1, 1, 1)
  (1, 3, 0, 0, 1, 2, 0)
  (1, 0, 0, 0, 4, 2, 0)
  (5, 0, 0, 0, 0, 2, 0)
  (0, 0, 0, 0, 0, 7, 0)

Path 91 (6 moves):
  (1, 1, 1, 1, 1, 1, 1)
  (1, 1, 0, 2, 1, 1, 1)
  (1, 3, 0, 0, 1, 1, 1)
  (1, 3, 0, 0, 1, 2, 0)
  (1, 3, 0, 0, 0, 3, 0)
  (0, 4, 0, 0, 0, 3, 0)
  (0, 0, 0, 0, 0, 7, 0)

Path 92 (6 moves):
  (1, 1, 1, 1, 1, 1, 1)
  (1, 1, 0, 2, 1, 1, 1)
  (1, 1, 0, 2, 0, 2, 1)
  (0, 2, 0, 2, 0, 2, 1)
  (0, 4, 0, 0, 0, 2, 1)
  (0, 0, 0, 0, 0, 6, 1)
  (0, 0, 0, 0, 0, 7, 0)

Path 93 (6 moves):
  (1, 1, 1, 1, 1, 1, 1)
  (1, 1, 0, 2, 1, 1, 1)
  (1, 1, 0, 2, 0, 2, 1)
  (0, 2, 0, 2, 0, 2, 1)
  (0, 4, 0, 0, 0, 2, 1)
  (0, 4, 0, 0, 0, 3, 0)
  (0, 0, 0, 0, 0, 7, 0)

Path 94 (6 moves):
  (1, 1, 1, 1, 1, 1, 1)
  (1, 1, 0, 2, 1, 1, 1)
  (1, 1, 0, 2, 0, 2, 1)
  (2, 0, 0, 2, 0, 2, 1)
  (2, 0, 0, 0, 0, 4, 1)
  (2, 0, 0, 0, 0, 5, 0)
  (7, 0, 0, 0, 0, 0, 0)

Path 95 (4 moves):
  (1, 1, 1, 1, 1, 1, 1)
  (1, 1, 0, 2, 1, 1, 1)
  (1, 1, 0, 2, 0, 2, 1)
  (2, 0, 0, 2, 0, 2, 1)
  (2, 0, 0, 4, 0, 0, 1)

Path 96 (6 moves):
  (1, 1, 1, 1, 1, 1, 1)
  (1, 1, 0, 2, 1, 1, 1)
  (1, 1, 0, 2, 0, 2, 1)
  (2, 0, 0, 2, 0, 2, 1)
  (2, 0, 0, 2, 0, 3, 0)
  (2, 0, 0, 0, 0, 5, 0)
  (7, 0, 0, 0, 0, 0, 0)

Path 97 (6 moves):
  (1, 1, 1, 1, 1, 1, 1)
  (1, 1, 0, 2, 1, 1, 1)
  (1, 1, 0, 2, 0, 2, 1)
  (1, 3, 0, 0, 0, 2, 1)
  (0, 4, 0, 0, 0, 2, 1)
  (0, 0, 0, 0, 0, 6, 1)
  (0, 0, 0, 0, 0, 7, 0)

Path 98 (6 moves):
  (1, 1, 1, 1, 1, 1, 1)
  (1, 1, 0, 2, 1, 1, 1)
  (1, 1, 0, 2, 0, 2, 1)
  (1, 3, 0, 0, 0, 2, 1)
  (0, 4, 0, 0, 0, 2, 1)
  (0, 4, 0, 0, 0, 3, 0)
  (0, 0, 0, 0, 0, 7, 0)

Path 99 (6 moves):
  (1, 1, 1, 1, 1, 1, 1)
  (1, 1, 0, 2, 1, 1, 1)
  (1, 1, 0, 2, 0, 2, 1)
  (1, 3, 0, 0, 0, 2, 1)
  (1, 3, 0, 0, 0, 3, 0)
  (0, 4, 0, 0, 0, 3, 0)
  (0, 0, 0, 0, 0, 7, 0)

Path 100 (6 moves):
  (1, 1, 1, 1, 1, 1, 1)
  (1, 1, 0, 2, 1, 1, 1)
  (1, 1, 0, 2, 0, 2, 1)
  (1, 1, 0, 0, 0, 4, 1)
  (2, 0, 0, 0, 0, 4, 1)
  (2, 0, 0, 0, 0, 5, 0)
  (7, 0, 0, 0, 0, 0, 0)

Path 101 (4 moves):
  (1, 1, 1, 1, 1, 1, 1)
  (1, 1, 0, 2, 1, 1, 1)
  (1, 1, 0, 2, 0, 2, 1)
  (1, 1, 0, 4, 0, 0, 1)
  (2, 0, 0, 4, 0, 0, 1)

Path 102 (6 moves):
  (1, 1, 1, 1, 1, 1, 1)
  (1, 1, 0, 2, 1, 1, 1)
  (1, 1, 0, 2, 0, 2, 1)
  (1, 1, 0, 2, 0, 3, 0)
  (2, 0, 0, 2, 0, 3, 0)
  (2, 0, 0, 0, 0, 5, 0)
  (7, 0, 0, 0, 0, 0, 0)

Path 103 (6 moves):
  (1, 1, 1, 1, 1, 1, 1)
  (1, 1, 0, 2, 1, 1, 1)
  (1, 1, 0, 2, 0, 2, 1)
  (1, 1, 0, 2, 0, 3, 0)
  (1, 3, 0, 0, 0, 3, 0)
  (0, 4, 0, 0, 0, 3, 0)
  (0, 0, 0, 0, 0, 7, 0)

Path 104 (6 moves):
  (1, 1, 1, 1, 1, 1, 1)
  (1, 1, 0, 2, 1, 1, 1)
  (1, 1, 0, 2, 1, 2, 0)
  (0, 2, 0, 2, 1, 2, 0)
  (0, 4, 0, 0, 1, 2, 0)
  (0, 0, 0, 0, 1, 6, 0)
  (0, 0, 0, 0, 0, 7, 0)

Path 105 (6 moves):
  (1, 1, 1, 1, 1, 1, 1)
  (1, 1, 0, 2, 1, 1, 1)
  (1, 1, 0, 2, 1, 2, 0)
  (0, 2, 0, 2, 1, 2, 0)
  (0, 4, 0, 0, 1, 2, 0)
  (0, 4, 0, 0, 0, 3, 0)
  (0, 0, 0, 0, 0, 7, 0)

Path 106 (6 moves):
  (1, 1, 1, 1, 1, 1, 1)
  (1, 1, 0, 2, 1, 1, 1)
  (1, 1, 0, 2, 1, 2, 0)
  (0, 2, 0, 2, 1, 2, 0)
  (0, 2, 0, 3, 0, 2, 0)
  (0, 0, 0, 5, 0, 2, 0)
  (0, 0, 0, 7, 0, 0, 0)

Path 107 (6 moves):
  (1, 1, 1, 1, 1, 1, 1)
  (1, 1, 0, 2, 1, 1, 1)
  (1, 1, 0, 2, 1, 2, 0)
  (0, 2, 0, 2, 1, 2, 0)
  (0, 2, 0, 3, 0, 2, 0)
  (0, 2, 0, 5, 0, 0, 0)
  (0, 0, 0, 7, 0, 0, 0)

Path 108 (6 moves):
  (1, 1, 1, 1, 1, 1, 1)
  (1, 1, 0, 2, 1, 1, 1)
  (1, 1, 0, 2, 1, 2, 0)
  (0, 2, 0, 2, 1, 2, 0)
  (0, 2, 0, 4, 1, 0, 0)
  (0, 0, 0, 6, 1, 0, 0)
  (0, 0, 0, 7, 0, 0, 0)

Path 109 (6 moves):
  (1, 1, 1, 1, 1, 1, 1)
  (1, 1, 0, 2, 1, 1, 1)
  (1, 1, 0, 2, 1, 2, 0)
  (0, 2, 0, 2, 1, 2, 0)
  (0, 2, 0, 4, 1, 0, 0)
  (0, 2, 0, 5, 0, 0, 0)
  (0, 0, 0, 7, 0, 0, 0)

Path 110 (6 moves):
  (1, 1, 1, 1, 1, 1, 1)
  (1, 1, 0, 2, 1, 1, 1)
  (1, 1, 0, 2, 1, 2, 0)
  (2, 0, 0, 2, 1, 2, 0)
  (2, 0, 0, 0, 1, 4, 0)
  (2, 0, 0, 0, 0, 5, 0)
  (7, 0, 0, 0, 0, 0, 0)

Path 111 (6 moves):
  (1, 1, 1, 1, 1, 1, 1)
  (1, 1, 0, 2, 1, 1, 1)
  (1, 1, 0, 2, 1, 2, 0)
  (2, 0, 0, 2, 1, 2, 0)
  (2, 0, 0, 2, 0, 3, 0)
  (2, 0, 0, 0, 0, 5, 0)
  (7, 0, 0, 0, 0, 0, 0)

Path 112 (6 moves):
  (1, 1, 1, 1, 1, 1, 1)
  (1, 1, 0, 2, 1, 1, 1)
  (1, 1, 0, 2, 1, 2, 0)
  (1, 3, 0, 0, 1, 2, 0)
  (0, 4, 0, 0, 1, 2, 0)
  (0, 0, 0, 0, 1, 6, 0)
  (0, 0, 0, 0, 0, 7, 0)

Path 113 (6 moves):
  (1, 1, 1, 1, 1, 1, 1)
  (1, 1, 0, 2, 1, 1, 1)
  (1, 1, 0, 2, 1, 2, 0)
  (1, 3, 0, 0, 1, 2, 0)
  (0, 4, 0, 0, 1, 2, 0)
  (0, 4, 0, 0, 0, 3, 0)
  (0, 0, 0, 0, 0, 7, 0)

Path 114 (6 moves):
  (1, 1, 1, 1, 1, 1, 1)
  (1, 1, 0, 2, 1, 1, 1)
  (1, 1, 0, 2, 1, 2, 0)
  (1, 3, 0, 0, 1, 2, 0)
  (1, 0, 0, 0, 4, 2, 0)
  (5, 0, 0, 0, 0, 2, 0)
  (0, 0, 0, 0, 0, 7, 0)

Path 115 (6 moves):
  (1, 1, 1, 1, 1, 1, 1)
  (1, 1, 0, 2, 1, 1, 1)
  (1, 1, 0, 2, 1, 2, 0)
  (1, 3, 0, 0, 1, 2, 0)
  (1, 3, 0, 0, 0, 3, 0)
  (0, 4, 0, 0, 0, 3, 0)
  (0, 0, 0, 0, 0, 7, 0)

Path 116 (6 moves):
  (1, 1, 1, 1, 1, 1, 1)
  (1, 1, 0, 2, 1, 1, 1)
  (1, 1, 0, 2, 1, 2, 0)
  (1, 1, 0, 0, 1, 4, 0)
  (2, 0, 0, 0, 1, 4, 0)
  (2, 0, 0, 0, 0, 5, 0)
  (7, 0, 0, 0, 0, 0, 0)

Path 117 (6 moves):
  (1, 1, 1, 1, 1, 1, 1)
  (1, 1, 0, 2, 1, 1, 1)
  (1, 1, 0, 2, 1, 2, 0)
  (1, 1, 0, 3, 0, 2, 0)
  (0, 2, 0, 3, 0, 2, 0)
  (0, 0, 0, 5, 0, 2, 0)
  (0, 0, 0, 7, 0, 0, 0)

Path 118 (6 moves):
  (1, 1, 1, 1, 1, 1, 1)
  (1, 1, 0, 2, 1, 1, 1)
  (1, 1, 0, 2, 1, 2, 0)
  (1, 1, 0, 3, 0, 2, 0)
  (0, 2, 0, 3, 0, 2, 0)
  (0, 2, 0, 5, 0, 0, 0)
  (0, 0, 0, 7, 0, 0, 0)

Path 119 (6 moves):
  (1, 1, 1, 1, 1, 1, 1)
  (1, 1, 0, 2, 1, 1, 1)
  (1, 1, 0, 2, 1, 2, 0)
  (1, 1, 0, 3, 0, 2, 0)
  (4, 1, 0, 0, 0, 2, 0)
  (5, 0, 0, 0, 0, 2, 0)
  (0, 0, 0, 0, 0, 7, 0)

Path 120 (6 moves):
  (1, 1, 1, 1, 1, 1, 1)
  (1, 1, 0, 2, 1, 1, 1)
  (1, 1, 0, 2, 1, 2, 0)
  (1, 1, 0, 2, 0, 3, 0)
  (2, 0, 0, 2, 0, 3, 0)
  (2, 0, 0, 0, 0, 5, 0)
  (7, 0, 0, 0, 0, 0, 0)

Path 121 (6 moves):
  (1, 1, 1, 1, 1, 1, 1)
  (1, 1, 0, 2, 1, 1, 1)
  (1, 1, 0, 2, 1, 2, 0)
  (1, 1, 0, 2, 0, 3, 0)
  (1, 3, 0, 0, 0, 3, 0)
  (0, 4, 0, 0, 0, 3, 0)
  (0, 0, 0, 0, 0, 7, 0)

Path 122 (6 moves):
  (1, 1, 1, 1, 1, 1, 1)
  (1, 1, 0, 2, 1, 1, 1)
  (1, 1, 0, 2, 1, 2, 0)
  (1, 1, 0, 4, 1, 0, 0)
  (0, 2, 0, 4, 1, 0, 0)
  (0, 0, 0, 6, 1, 0, 0)
  (0, 0, 0, 7, 0, 0, 0)

Path 123 (6 moves):
  (1, 1, 1, 1, 1, 1, 1)
  (1, 1, 0, 2, 1, 1, 1)
  (1, 1, 0, 2, 1, 2, 0)
  (1, 1, 0, 4, 1, 0, 0)
  (0, 2, 0, 4, 1, 0, 0)
  (0, 2, 0, 5, 0, 0, 0)
  (0, 0, 0, 7, 0, 0, 0)

Path 124 (4 moves):
  (1, 1, 1, 1, 1, 1, 1)
  (1, 1, 2, 0, 1, 1, 1)
  (1, 1, 0, 0, 3, 1, 1)
  (0, 2, 0, 0, 3, 1, 1)
  (0, 2, 0, 0, 4, 0, 1)

Path 125 (6 moves):
  (1, 1, 1, 1, 1, 1, 1)
  (1, 1, 2, 0, 1, 1, 1)
  (1, 1, 0, 0, 3, 1, 1)
  (2, 0, 0, 0, 3, 1, 1)
  (2, 0, 0, 0, 4, 0, 1)
  (6, 0, 0, 0, 0, 0, 1)
  (0, 0, 0, 0, 0, 0, 7)

Path 126 (4 moves):
  (1, 1, 1, 1, 1, 1, 1)
  (1, 1, 2, 0, 1, 1, 1)
  (1, 1, 0, 0, 3, 1, 1)
  (2, 0, 0, 0, 3, 1, 1)
  (2, 0, 0, 0, 3, 2, 0)

Path 127 (6 moves):
  (1, 1, 1, 1, 1, 1, 1)
  (1, 1, 2, 0, 1, 1, 1)
  (1, 1, 0, 0, 3, 1, 1)
  (1, 4, 0, 0, 0, 1, 1)
  (1, 4, 0, 0, 0, 0, 2)
  (0, 5, 0, 0, 0, 0, 2)
  (0, 0, 0, 0, 0, 0, 7)

Path 128 (4 moves):
  (1, 1, 1, 1, 1, 1, 1)
  (1, 1, 2, 0, 1, 1, 1)
  (1, 1, 0, 0, 3, 1, 1)
  (1, 1, 0, 0, 4, 0, 1)
  (0, 2, 0, 0, 4, 0, 1)

Path 129 (6 moves):
  (1, 1, 1, 1, 1, 1, 1)
  (1, 1, 2, 0, 1, 1, 1)
  (1, 1, 0, 0, 3, 1, 1)
  (1, 1, 0, 0, 4, 0, 1)
  (2, 0, 0, 0, 4, 0, 1)
  (6, 0, 0, 0, 0, 0, 1)
  (0, 0, 0, 0, 0, 0, 7)

Path 130 (6 moves):
  (1, 1, 1, 1, 1, 1, 1)
  (1, 1, 2, 0, 1, 1, 1)
  (1, 1, 0, 0, 3, 1, 1)
  (1, 1, 0, 0, 4, 0, 1)
  (5, 1, 0, 0, 0, 0, 1)
  (6, 0, 0, 0, 0, 0, 1)
  (0, 0, 0, 0, 0, 0, 7)

Path 131 (6 moves):
  (1, 1, 1, 1, 1, 1, 1)
  (1, 1, 2, 0, 1, 1, 1)
  (1, 1, 0, 0, 3, 1, 1)
  (1, 1, 0, 0, 3, 0, 2)
  (1, 4, 0, 0, 0, 0, 2)
  (0, 5, 0, 0, 0, 0, 2)
  (0, 0, 0, 0, 0, 0, 7)

Path 132 (4 moves):
  (1, 1, 1, 1, 1, 1, 1)
  (1, 1, 2, 0, 1, 1, 1)
  (1, 1, 0, 0, 3, 1, 1)
  (1, 1, 0, 0, 3, 2, 0)
  (2, 0, 0, 0, 3, 2, 0)

Path 133 (4 moves):
  (1, 1, 1, 1, 1, 1, 1)
  (1, 1, 1, 0, 2, 1, 1)
  (1, 1, 3, 0, 0, 1, 1)
  (0, 2, 3, 0, 0, 1, 1)
  (0, 2, 3, 0, 0, 0, 2)

Path 134 (6 moves):
  (1, 1, 1, 1, 1, 1, 1)
  (1, 1, 1, 0, 2, 1, 1)
  (1, 1, 3, 0, 0, 1, 1)
  (2, 0, 3, 0, 0, 1, 1)
  (2, 0, 0, 0, 0, 4, 1)
  (2, 0, 0, 0, 0, 5, 0)
  (7, 0, 0, 0, 0, 0, 0)

Path 135 (6 moves):
  (1, 1, 1, 1, 1, 1, 1)
  (1, 1, 1, 0, 2, 1, 1)
  (1, 1, 3, 0, 0, 1, 1)
  (1, 0, 4, 0, 0, 1, 1)
  (1, 0, 0, 0, 0, 1, 5)
  (1, 0, 0, 0, 0, 0, 6)
  (7, 0, 0, 0, 0, 0, 0)

Path 136 (6 moves):
  (1, 1, 1, 1, 1, 1, 1)
  (1, 1, 1, 0, 2, 1, 1)
  (1, 1, 3, 0, 0, 1, 1)
  (1, 0, 4, 0, 0, 1, 1)
  (1, 0, 4, 0, 0, 0, 2)
  (1, 0, 0, 0, 0, 0, 6)
  (7, 0, 0, 0, 0, 0, 0)

Path 137 (4 moves):
  (1, 1, 1, 1, 1, 1, 1)
  (1, 1, 1, 0, 2, 1, 1)
  (1, 1, 3, 0, 0, 1, 1)
  (1, 0, 4, 0, 0, 1, 1)
  (1, 0, 4, 0, 0, 2, 0)

Path 138 (6 moves):
  (1, 1, 1, 1, 1, 1, 1)
  (1, 1, 1, 0, 2, 1, 1)
  (1, 1, 3, 0, 0, 1, 1)
  (1, 1, 0, 0, 0, 4, 1)
  (2, 0, 0, 0, 0, 4, 1)
  (2, 0, 0, 0, 0, 5, 0)
  (7, 0, 0, 0, 0, 0, 0)

Path 139 (4 moves):
  (1, 1, 1, 1, 1, 1, 1)
  (1, 1, 1, 0, 2, 1, 1)
  (1, 1, 3, 0, 0, 1, 1)
  (1, 1, 3, 0, 0, 0, 2)
  (0, 2, 3, 0, 0, 0, 2)

Path 140 (6 moves):
  (1, 1, 1, 1, 1, 1, 1)
  (1, 1, 1, 0, 2, 1, 1)
  (1, 1, 3, 0, 0, 1, 1)
  (1, 1, 3, 0, 0, 0, 2)
  (1, 0, 4, 0, 0, 0, 2)
  (1, 0, 0, 0, 0, 0, 6)
  (7, 0, 0, 0, 0, 0, 0)

Path 141 (4 moves):
  (1, 1, 1, 1, 1, 1, 1)
  (1, 1, 1, 0, 2, 1, 1)
  (1, 1, 3, 0, 0, 1, 1)
  (1, 1, 3, 0, 0, 2, 0)
  (1, 0, 4, 0, 0, 2, 0)

Path 142 (6 moves):
  (1, 1, 1, 1, 1, 1, 1)
  (1, 1, 1, 2, 0, 1, 1)
  (0, 2, 1, 2, 0, 1, 1)
  (0, 0, 1, 4, 0, 1, 1)
  (0, 0, 1, 4, 0, 2, 0)
  (0, 0, 0, 5, 0, 2, 0)
  (0, 0, 0, 7, 0, 0, 0)

Path 143 (6 moves):
  (1, 1, 1, 1, 1, 1, 1)
  (1, 1, 1, 2, 0, 1, 1)
  (0, 2, 1, 2, 0, 1, 1)
  (0, 0, 1, 4, 0, 1, 1)
  (0, 0, 1, 4, 0, 2, 0)
  (0, 0, 1, 6, 0, 0, 0)
  (0, 0, 0, 7, 0, 0, 0)

Path 144 (6 moves):
  (1, 1, 1, 1, 1, 1, 1)
  (1, 1, 1, 2, 0, 1, 1)
  (0, 2, 1, 2, 0, 1, 1)
  (0, 3, 0, 2, 0, 1, 1)
  (0, 3, 0, 0, 0, 3, 1)
  (0, 3, 0, 0, 0, 4, 0)
  (0, 7, 0, 0, 0, 0, 0)

Path 145 (6 moves):
  (1, 1, 1, 1, 1, 1, 1)
  (1, 1, 1, 2, 0, 1, 1)
  (0, 2, 1, 2, 0, 1, 1)
  (0, 3, 0, 2, 0, 1, 1)
  (0, 3, 0, 2, 0, 0, 2)
  (0, 5, 0, 0, 0, 0, 2)
  (0, 0, 0, 0, 0, 0, 7)

Path 146 (6 moves):
  (1, 1, 1, 1, 1, 1, 1)
  (1, 1, 1, 2, 0, 1, 1)
  (0, 2, 1, 2, 0, 1, 1)
  (0, 2, 0, 3, 0, 1, 1)
  (0, 2, 0, 0, 0, 1, 4)
  (0, 2, 0, 0, 0, 0, 5)
  (0, 7, 0, 0, 0, 0, 0)

Path 147 (6 moves):
  (1, 1, 1, 1, 1, 1, 1)
  (1, 1, 1, 2, 0, 1, 1)
  (0, 2, 1, 2, 0, 1, 1)
  (0, 2, 0, 3, 0, 1, 1)
  (0, 2, 0, 3, 0, 2, 0)
  (0, 0, 0, 5, 0, 2, 0)
  (0, 0, 0, 7, 0, 0, 0)

Path 148 (6 moves):
  (1, 1, 1, 1, 1, 1, 1)
  (1, 1, 1, 2, 0, 1, 1)
  (0, 2, 1, 2, 0, 1, 1)
  (0, 2, 0, 3, 0, 1, 1)
  (0, 2, 0, 3, 0, 2, 0)
  (0, 2, 0, 5, 0, 0, 0)
  (0, 0, 0, 7, 0, 0, 0)

Path 149 (6 moves):
  (1, 1, 1, 1, 1, 1, 1)
  (1, 1, 1, 2, 0, 1, 1)
  (0, 2, 1, 2, 0, 1, 1)
  (0, 4, 1, 0, 0, 1, 1)
  (0, 4, 1, 0, 0, 0, 2)
  (0, 5, 0, 0, 0, 0, 2)
  (0, 0, 0, 0, 0, 0, 7)

Path 150 (6 moves):
  (1, 1, 1, 1, 1, 1, 1)
  (1, 1, 1, 2, 0, 1, 1)
  (0, 2, 1, 2, 0, 1, 1)
  (0, 2, 1, 0, 0, 3, 1)
  (0, 3, 0, 0, 0, 3, 1)
  (0, 3, 0, 0, 0, 4, 0)
  (0, 7, 0, 0, 0, 0, 0)

Path 151 (6 moves):
  (1, 1, 1, 1, 1, 1, 1)
  (1, 1, 1, 2, 0, 1, 1)
  (0, 2, 1, 2, 0, 1, 1)
  (0, 2, 1, 0, 0, 3, 1)
  (0, 2, 4, 0, 0, 0, 1)
  (0, 2, 0, 0, 0, 0, 5)
  (0, 7, 0, 0, 0, 0, 0)

Path 152 (6 moves):
  (1, 1, 1, 1, 1, 1, 1)
  (1, 1, 1, 2, 0, 1, 1)
  (0, 2, 1, 2, 0, 1, 1)
  (0, 2, 1, 0, 0, 3, 1)
  (0, 2, 1, 0, 0, 4, 0)
  (0, 3, 0, 0, 0, 4, 0)
  (0, 7, 0, 0, 0, 0, 0)

Path 153 (6 moves):
  (1, 1, 1, 1, 1, 1, 1)
  (1, 1, 1, 2, 0, 1, 1)
  (0, 2, 1, 2, 0, 1, 1)
  (0, 2, 1, 0, 0, 3, 1)
  (0, 2, 1, 0, 0, 4, 0)
  (0, 6, 1, 0, 0, 0, 0)
  (0, 7, 0, 0, 0, 0, 0)

Path 154 (6 moves):
  (1, 1, 1, 1, 1, 1, 1)
  (1, 1, 1, 2, 0, 1, 1)
  (0, 2, 1, 2, 0, 1, 1)
  (0, 2, 1, 2, 0, 0, 2)
  (0, 3, 0, 2, 0, 0, 2)
  (0, 5, 0, 0, 0, 0, 2)
  (0, 0, 0, 0, 0, 0, 7)

Path 155 (6 moves):
  (1, 1, 1, 1, 1, 1, 1)
  (1, 1, 1, 2, 0, 1, 1)
  (0, 2, 1, 2, 0, 1, 1)
  (0, 2, 1, 2, 0, 0, 2)
  (0, 4, 1, 0, 0, 0, 2)
  (0, 5, 0, 0, 0, 0, 2)
  (0, 0, 0, 0, 0, 0, 7)

Path 156 (6 moves):
  (1, 1, 1, 1, 1, 1, 1)
  (1, 1, 1, 2, 0, 1, 1)
  (0, 2, 1, 2, 0, 1, 1)
  (0, 2, 1, 2, 0, 2, 0)
  (0, 0, 1, 4, 0, 2, 0)
  (0, 0, 0, 5, 0, 2, 0)
  (0, 0, 0, 7, 0, 0, 0)

Path 157 (6 moves):
  (1, 1, 1, 1, 1, 1, 1)
  (1, 1, 1, 2, 0, 1, 1)
  (0, 2, 1, 2, 0, 1, 1)
  (0, 2, 1, 2, 0, 2, 0)
  (0, 0, 1, 4, 0, 2, 0)
  (0, 0, 1, 6, 0, 0, 0)
  (0, 0, 0, 7, 0, 0, 0)

Path 158 (6 moves):
  (1, 1, 1, 1, 1, 1, 1)
  (1, 1, 1, 2, 0, 1, 1)
  (0, 2, 1, 2, 0, 1, 1)
  (0, 2, 1, 2, 0, 2, 0)
  (0, 2, 0, 3, 0, 2, 0)
  (0, 0, 0, 5, 0, 2, 0)
  (0, 0, 0, 7, 0, 0, 0)

Path 159 (6 moves):
  (1, 1, 1, 1, 1, 1, 1)
  (1, 1, 1, 2, 0, 1, 1)
  (0, 2, 1, 2, 0, 1, 1)
  (0, 2, 1, 2, 0, 2, 0)
  (0, 2, 0, 3, 0, 2, 0)
  (0, 2, 0, 5, 0, 0, 0)
  (0, 0, 0, 7, 0, 0, 0)

Path 160 (6 moves):
  (1, 1, 1, 1, 1, 1, 1)
  (1, 1, 1, 2, 0, 1, 1)
  (0, 2, 1, 2, 0, 1, 1)
  (0, 2, 1, 2, 0, 2, 0)
  (0, 2, 1, 0, 0, 4, 0)
  (0, 3, 0, 0, 0, 4, 0)
  (0, 7, 0, 0, 0, 0, 0)

Path 161 (6 moves):
  (1, 1, 1, 1, 1, 1, 1)
  (1, 1, 1, 2, 0, 1, 1)
  (0, 2, 1, 2, 0, 1, 1)
  (0, 2, 1, 2, 0, 2, 0)
  (0, 2, 1, 0, 0, 4, 0)
  (0, 6, 1, 0, 0, 0, 0)
  (0, 7, 0, 0, 0, 0, 0)

Path 162 (6 moves):
  (1, 1, 1, 1, 1, 1, 1)
  (1, 1, 1, 2, 0, 1, 1)
  (1, 2, 0, 2, 0, 1, 1)
  (0, 3, 0, 2, 0, 1, 1)
  (0, 3, 0, 0, 0, 3, 1)
  (0, 3, 0, 0, 0, 4, 0)
  (0, 7, 0, 0, 0, 0, 0)

Path 163 (6 moves):
  (1, 1, 1, 1, 1, 1, 1)
  (1, 1, 1, 2, 0, 1, 1)
  (1, 2, 0, 2, 0, 1, 1)
  (0, 3, 0, 2, 0, 1, 1)
  (0, 3, 0, 2, 0, 0, 2)
  (0, 5, 0, 0, 0, 0, 2)
  (0, 0, 0, 0, 0, 0, 7)

Path 164 (4 moves):
  (1, 1, 1, 1, 1, 1, 1)
  (1, 1, 1, 2, 0, 1, 1)
  (1, 2, 0, 2, 0, 1, 1)
  (1, 0, 0, 4, 0, 1, 1)
  (1, 0, 0, 4, 0, 0, 2)

Path 165 (6 moves):
  (1, 1, 1, 1, 1, 1, 1)
  (1, 1, 1, 2, 0, 1, 1)
  (1, 2, 0, 2, 0, 1, 1)
  (1, 4, 0, 0, 0, 1, 1)
  (1, 4, 0, 0, 0, 0, 2)
  (0, 5, 0, 0, 0, 0, 2)
  (0, 0, 0, 0, 0, 0, 7)

Path 166 (6 moves):
  (1, 1, 1, 1, 1, 1, 1)
  (1, 1, 1, 2, 0, 1, 1)
  (1, 2, 0, 2, 0, 1, 1)
  (1, 2, 0, 0, 0, 3, 1)
  (0, 3, 0, 0, 0, 3, 1)
  (0, 3, 0, 0, 0, 4, 0)
  (0, 7, 0, 0, 0, 0, 0)

Path 167 (6 moves):
  (1, 1, 1, 1, 1, 1, 1)
  (1, 1, 1, 2, 0, 1, 1)
  (1, 2, 0, 2, 0, 1, 1)
  (1, 2, 0, 0, 0, 3, 1)
  (1, 2, 0, 0, 0, 4, 0)
  (0, 3, 0, 0, 0, 4, 0)
  (0, 7, 0, 0, 0, 0, 0)

Path 168 (6 moves):
  (1, 1, 1, 1, 1, 1, 1)
  (1, 1, 1, 2, 0, 1, 1)
  (1, 2, 0, 2, 0, 1, 1)
  (1, 2, 0, 0, 0, 3, 1)
  (1, 2, 0, 0, 0, 4, 0)
  (1, 6, 0, 0, 0, 0, 0)
  (0, 7, 0, 0, 0, 0, 0)

Path 169 (6 moves):
  (1, 1, 1, 1, 1, 1, 1)
  (1, 1, 1, 2, 0, 1, 1)
  (1, 2, 0, 2, 0, 1, 1)
  (1, 2, 0, 2, 0, 0, 2)
  (0, 3, 0, 2, 0, 0, 2)
  (0, 5, 0, 0, 0, 0, 2)
  (0, 0, 0, 0, 0, 0, 7)

Path 170 (4 moves):
  (1, 1, 1, 1, 1, 1, 1)
  (1, 1, 1, 2, 0, 1, 1)
  (1, 2, 0, 2, 0, 1, 1)
  (1, 2, 0, 2, 0, 0, 2)
  (1, 0, 0, 4, 0, 0, 2)

Path 171 (6 moves):
  (1, 1, 1, 1, 1, 1, 1)
  (1, 1, 1, 2, 0, 1, 1)
  (1, 2, 0, 2, 0, 1, 1)
  (1, 2, 0, 2, 0, 0, 2)
  (1, 4, 0, 0, 0, 0, 2)
  (0, 5, 0, 0, 0, 0, 2)
  (0, 0, 0, 0, 0, 0, 7)

Path 172 (6 moves):
  (1, 1, 1, 1, 1, 1, 1)
  (1, 1, 1, 2, 0, 1, 1)
  (1, 2, 0, 2, 0, 1, 1)
  (1, 2, 0, 2, 0, 2, 0)
  (1, 2, 0, 0, 0, 4, 0)
  (0, 3, 0, 0, 0, 4, 0)
  (0, 7, 0, 0, 0, 0, 0)

Path 173 (6 moves):
  (1, 1, 1, 1, 1, 1, 1)
  (1, 1, 1, 2, 0, 1, 1)
  (1, 2, 0, 2, 0, 1, 1)
  (1, 2, 0, 2, 0, 2, 0)
  (1, 2, 0, 0, 0, 4, 0)
  (1, 6, 0, 0, 0, 0, 0)
  (0, 7, 0, 0, 0, 0, 0)

Path 174 (6 moves):
  (1, 1, 1, 1, 1, 1, 1)
  (1, 1, 1, 2, 0, 1, 1)
  (1, 1, 1, 0, 0, 3, 1)
  (0, 2, 1, 0, 0, 3, 1)
  (0, 3, 0, 0, 0, 3, 1)
  (0, 3, 0, 0, 0, 4, 0)
  (0, 7, 0, 0, 0, 0, 0)

Path 175 (6 moves):
  (1, 1, 1, 1, 1, 1, 1)
  (1, 1, 1, 2, 0, 1, 1)
  (1, 1, 1, 0, 0, 3, 1)
  (0, 2, 1, 0, 0, 3, 1)
  (0, 2, 4, 0, 0, 0, 1)
  (0, 2, 0, 0, 0, 0, 5)
  (0, 7, 0, 0, 0, 0, 0)

Path 176 (6 moves):
  (1, 1, 1, 1, 1, 1, 1)
  (1, 1, 1, 2, 0, 1, 1)
  (1, 1, 1, 0, 0, 3, 1)
  (0, 2, 1, 0, 0, 3, 1)
  (0, 2, 1, 0, 0, 4, 0)
  (0, 3, 0, 0, 0, 4, 0)
  (0, 7, 0, 0, 0, 0, 0)

Path 177 (6 moves):
  (1, 1, 1, 1, 1, 1, 1)
  (1, 1, 1, 2, 0, 1, 1)
  (1, 1, 1, 0, 0, 3, 1)
  (0, 2, 1, 0, 0, 3, 1)
  (0, 2, 1, 0, 0, 4, 0)
  (0, 6, 1, 0, 0, 0, 0)
  (0, 7, 0, 0, 0, 0, 0)

Path 178 (6 moves):
  (1, 1, 1, 1, 1, 1, 1)
  (1, 1, 1, 2, 0, 1, 1)
  (1, 1, 1, 0, 0, 3, 1)
  (2, 0, 1, 0, 0, 3, 1)
  (2, 0, 1, 0, 0, 4, 0)
  (0, 0, 3, 0, 0, 4, 0)
  (0, 0, 0, 0, 0, 7, 0)

Path 179 (4 moves):
  (1, 1, 1, 1, 1, 1, 1)
  (1, 1, 1, 2, 0, 1, 1)
  (1, 1, 1, 0, 0, 3, 1)
  (1, 0, 2, 0, 0, 3, 1)
  (1, 0, 5, 0, 0, 0, 1)

Path 180 (6 moves):
  (1, 1, 1, 1, 1, 1, 1)
  (1, 1, 1, 2, 0, 1, 1)
  (1, 1, 1, 0, 0, 3, 1)
  (1, 2, 0, 0, 0, 3, 1)
  (0, 3, 0, 0, 0, 3, 1)
  (0, 3, 0, 0, 0, 4, 0)
  (0, 7, 0, 0, 0, 0, 0)

Path 181 (6 moves):
  (1, 1, 1, 1, 1, 1, 1)
  (1, 1, 1, 2, 0, 1, 1)
  (1, 1, 1, 0, 0, 3, 1)
  (1, 2, 0, 0, 0, 3, 1)
  (1, 2, 0, 0, 0, 4, 0)
  (0, 3, 0, 0, 0, 4, 0)
  (0, 7, 0, 0, 0, 0, 0)

Path 182 (6 moves):
  (1, 1, 1, 1, 1, 1, 1)
  (1, 1, 1, 2, 0, 1, 1)
  (1, 1, 1, 0, 0, 3, 1)
  (1, 2, 0, 0, 0, 3, 1)
  (1, 2, 0, 0, 0, 4, 0)
  (1, 6, 0, 0, 0, 0, 0)
  (0, 7, 0, 0, 0, 0, 0)

Path 183 (6 moves):
  (1, 1, 1, 1, 1, 1, 1)
  (1, 1, 1, 2, 0, 1, 1)
  (1, 1, 1, 0, 0, 3, 1)
  (1, 1, 4, 0, 0, 0, 1)
  (0, 2, 4, 0, 0, 0, 1)
  (0, 2, 0, 0, 0, 0, 5)
  (0, 7, 0, 0, 0, 0, 0)

Path 184 (4 moves):
  (1, 1, 1, 1, 1, 1, 1)
  (1, 1, 1, 2, 0, 1, 1)
  (1, 1, 1, 0, 0, 3, 1)
  (1, 1, 4, 0, 0, 0, 1)
  (1, 0, 5, 0, 0, 0, 1)

Path 185 (6 moves):
  (1, 1, 1, 1, 1, 1, 1)
  (1, 1, 1, 2, 0, 1, 1)
  (1, 1, 1, 0, 0, 3, 1)
  (1, 1, 1, 0, 0, 4, 0)
  (0, 2, 1, 0, 0, 4, 0)
  (0, 3, 0, 0, 0, 4, 0)
  (0, 7, 0, 0, 0, 0, 0)

Path 186 (6 moves):
  (1, 1, 1, 1, 1, 1, 1)
  (1, 1, 1, 2, 0, 1, 1)
  (1, 1, 1, 0, 0, 3, 1)
  (1, 1, 1, 0, 0, 4, 0)
  (0, 2, 1, 0, 0, 4, 0)
  (0, 6, 1, 0, 0, 0, 0)
  (0, 7, 0, 0, 0, 0, 0)

Path 187 (6 moves):
  (1, 1, 1, 1, 1, 1, 1)
  (1, 1, 1, 2, 0, 1, 1)
  (1, 1, 1, 0, 0, 3, 1)
  (1, 1, 1, 0, 0, 4, 0)
  (2, 0, 1, 0, 0, 4, 0)
  (0, 0, 3, 0, 0, 4, 0)
  (0, 0, 0, 0, 0, 7, 0)

Path 188 (6 moves):
  (1, 1, 1, 1, 1, 1, 1)
  (1, 1, 1, 2, 0, 1, 1)
  (1, 1, 1, 0, 0, 3, 1)
  (1, 1, 1, 0, 0, 4, 0)
  (1, 2, 0, 0, 0, 4, 0)
  (0, 3, 0, 0, 0, 4, 0)
  (0, 7, 0, 0, 0, 0, 0)

Path 189 (6 moves):
  (1, 1, 1, 1, 1, 1, 1)
  (1, 1, 1, 2, 0, 1, 1)
  (1, 1, 1, 0, 0, 3, 1)
  (1, 1, 1, 0, 0, 4, 0)
  (1, 2, 0, 0, 0, 4, 0)
  (1, 6, 0, 0, 0, 0, 0)
  (0, 7, 0, 0, 0, 0, 0)

Path 190 (6 moves):
  (1, 1, 1, 1, 1, 1, 1)
  (1, 1, 1, 2, 0, 1, 1)
  (1, 1, 1, 0, 0, 3, 1)
  (1, 1, 1, 0, 0, 4, 0)
  (1, 5, 1, 0, 0, 0, 0)
  (0, 6, 1, 0, 0, 0, 0)
  (0, 7, 0, 0, 0, 0, 0)

Path 191 (6 moves):
  (1, 1, 1, 1, 1, 1, 1)
  (1, 1, 1, 2, 0, 1, 1)
  (1, 1, 1, 0, 0, 3, 1)
  (1, 1, 1, 0, 0, 4, 0)
  (1, 5, 1, 0, 0, 0, 0)
  (1, 6, 0, 0, 0, 0, 0)
  (0, 7, 0, 0, 0, 0, 0)

Path 192 (4 moves):
  (1, 1, 1, 1, 1, 1, 1)
  (1, 1, 1, 1, 0, 2, 1)
  (1, 2, 0, 1, 0, 2, 1)
  (0, 3, 0, 1, 0, 2, 1)
  (0, 3, 0, 1, 0, 3, 0)

Path 193 (4 moves):
  (1, 1, 1, 1, 1, 1, 1)
  (1, 1, 1, 1, 0, 2, 1)
  (1, 2, 0, 1, 0, 2, 1)
  (1, 0, 0, 3, 0, 2, 1)
  (1, 0, 0, 0, 0, 2, 4)

Path 194 (4 moves):
  (1, 1, 1, 1, 1, 1, 1)
  (1, 1, 1, 1, 0, 2, 1)
  (1, 2, 0, 1, 0, 2, 1)
  (1, 0, 0, 3, 0, 2, 1)
  (1, 0, 0, 5, 0, 0, 1)

Path 195 (4 moves):
  (1, 1, 1, 1, 1, 1, 1)
  (1, 1, 1, 1, 0, 2, 1)
  (1, 2, 0, 1, 0, 2, 1)
  (1, 2, 0, 3, 0, 0, 1)
  (1, 0, 0, 5, 0, 0, 1)

Path 196 (4 moves):
  (1, 1, 1, 1, 1, 1, 1)
  (1, 1, 1, 1, 0, 2, 1)
  (1, 2, 0, 1, 0, 2, 1)
  (1, 2, 0, 3, 0, 0, 1)
  (4, 2, 0, 0, 0, 0, 1)

Path 197 (4 moves):
  (1, 1, 1, 1, 1, 1, 1)
  (1, 1, 1, 1, 0, 2, 1)
  (1, 2, 0, 1, 0, 2, 1)
  (1, 2, 0, 1, 0, 3, 0)
  (0, 3, 0, 1, 0, 3, 0)

Path 198 (6 moves):
  (1, 1, 1, 1, 1, 1, 1)
  (1, 1, 1, 1, 0, 2, 1)
  (1, 1, 0, 2, 0, 2, 1)
  (0, 2, 0, 2, 0, 2, 1)
  (0, 4, 0, 0, 0, 2, 1)
  (0, 0, 0, 0, 0, 6, 1)
  (0, 0, 0, 0, 0, 7, 0)

Path 199 (6 moves):
  (1, 1, 1, 1, 1, 1, 1)
  (1, 1, 1, 1, 0, 2, 1)
  (1, 1, 0, 2, 0, 2, 1)
  (0, 2, 0, 2, 0, 2, 1)
  (0, 4, 0, 0, 0, 2, 1)
  (0, 4, 0, 0, 0, 3, 0)
  (0, 0, 0, 0, 0, 7, 0)

Path 200 (6 moves):
  (1, 1, 1, 1, 1, 1, 1)
  (1, 1, 1, 1, 0, 2, 1)
  (1, 1, 0, 2, 0, 2, 1)
  (2, 0, 0, 2, 0, 2, 1)
  (2, 0, 0, 0, 0, 4, 1)
  (2, 0, 0, 0, 0, 5, 0)
  (7, 0, 0, 0, 0, 0, 0)

Path 201 (4 moves):
  (1, 1, 1, 1, 1, 1, 1)
  (1, 1, 1, 1, 0, 2, 1)
  (1, 1, 0, 2, 0, 2, 1)
  (2, 0, 0, 2, 0, 2, 1)
  (2, 0, 0, 4, 0, 0, 1)

Path 202 (6 moves):
  (1, 1, 1, 1, 1, 1, 1)
  (1, 1, 1, 1, 0, 2, 1)
  (1, 1, 0, 2, 0, 2, 1)
  (2, 0, 0, 2, 0, 2, 1)
  (2, 0, 0, 2, 0, 3, 0)
  (2, 0, 0, 0, 0, 5, 0)
  (7, 0, 0, 0, 0, 0, 0)

Path 203 (6 moves):
  (1, 1, 1, 1, 1, 1, 1)
  (1, 1, 1, 1, 0, 2, 1)
  (1, 1, 0, 2, 0, 2, 1)
  (1, 3, 0, 0, 0, 2, 1)
  (0, 4, 0, 0, 0, 2, 1)
  (0, 0, 0, 0, 0, 6, 1)
  (0, 0, 0, 0, 0, 7, 0)

Path 204 (6 moves):
  (1, 1, 1, 1, 1, 1, 1)
  (1, 1, 1, 1, 0, 2, 1)
  (1, 1, 0, 2, 0, 2, 1)
  (1, 3, 0, 0, 0, 2, 1)
  (0, 4, 0, 0, 0, 2, 1)
  (0, 4, 0, 0, 0, 3, 0)
  (0, 0, 0, 0, 0, 7, 0)

Path 205 (6 moves):
  (1, 1, 1, 1, 1, 1, 1)
  (1, 1, 1, 1, 0, 2, 1)
  (1, 1, 0, 2, 0, 2, 1)
  (1, 3, 0, 0, 0, 2, 1)
  (1, 3, 0, 0, 0, 3, 0)
  (0, 4, 0, 0, 0, 3, 0)
  (0, 0, 0, 0, 0, 7, 0)

Path 206 (6 moves):
  (1, 1, 1, 1, 1, 1, 1)
  (1, 1, 1, 1, 0, 2, 1)
  (1, 1, 0, 2, 0, 2, 1)
  (1, 1, 0, 0, 0, 4, 1)
  (2, 0, 0, 0, 0, 4, 1)
  (2, 0, 0, 0, 0, 5, 0)
  (7, 0, 0, 0, 0, 0, 0)

Path 207 (4 moves):
  (1, 1, 1, 1, 1, 1, 1)
  (1, 1, 1, 1, 0, 2, 1)
  (1, 1, 0, 2, 0, 2, 1)
  (1, 1, 0, 4, 0, 0, 1)
  (2, 0, 0, 4, 0, 0, 1)

Path 208 (6 moves):
  (1, 1, 1, 1, 1, 1, 1)
  (1, 1, 1, 1, 0, 2, 1)
  (1, 1, 0, 2, 0, 2, 1)
  (1, 1, 0, 2, 0, 3, 0)
  (2, 0, 0, 2, 0, 3, 0)
  (2, 0, 0, 0, 0, 5, 0)
  (7, 0, 0, 0, 0, 0, 0)

Path 209 (6 moves):
  (1, 1, 1, 1, 1, 1, 1)
  (1, 1, 1, 1, 0, 2, 1)
  (1, 1, 0, 2, 0, 2, 1)
  (1, 1, 0, 2, 0, 3, 0)
  (1, 3, 0, 0, 0, 3, 0)
  (0, 4, 0, 0, 0, 3, 0)
  (0, 0, 0, 0, 0, 7, 0)

Path 210 (6 moves):
  (1, 1, 1, 1, 1, 1, 1)
  (1, 1, 1, 1, 2, 0, 1)
  (1, 0, 2, 1, 2, 0, 1)
  (3, 0, 0, 1, 2, 0, 1)
  (0, 0, 0, 4, 2, 0, 1)
  (0, 0, 0, 4, 0, 0, 3)
  (0, 0, 0, 7, 0, 0, 0)

Path 211 (4 moves):
  (1, 1, 1, 1, 1, 1, 1)
  (1, 1, 1, 1, 2, 0, 1)
  (1, 0, 2, 1, 2, 0, 1)
  (3, 0, 0, 1, 2, 0, 1)
  (3, 0, 0, 0, 3, 0, 1)

Path 212 (6 moves):
  (1, 1, 1, 1, 1, 1, 1)
  (1, 1, 1, 1, 2, 0, 1)
  (1, 0, 2, 1, 2, 0, 1)
  (3, 0, 0, 1, 2, 0, 1)
  (3, 0, 0, 1, 0, 0, 3)
  (0, 0, 0, 4, 0, 0, 3)
  (0, 0, 0, 7, 0, 0, 0)

Path 213 (6 moves):
  (1, 1, 1, 1, 1, 1, 1)
  (1, 1, 1, 1, 2, 0, 1)
  (1, 0, 2, 1, 2, 0, 1)
  (3, 0, 0, 1, 2, 0, 1)
  (3, 0, 0, 1, 0, 0, 3)
  (3, 0, 0, 4, 0, 0, 0)
  (0, 0, 0, 7, 0, 0, 0)

Path 214 (4 moves):
  (1, 1, 1, 1, 1, 1, 1)
  (1, 1, 1, 1, 2, 0, 1)
  (1, 0, 2, 1, 2, 0, 1)
  (1, 0, 0, 1, 4, 0, 1)
  (1, 0, 0, 0, 5, 0, 1)

Path 215 (4 moves):
  (1, 1, 1, 1, 1, 1, 1)
  (1, 1, 1, 1, 2, 0, 1)
  (1, 0, 2, 1, 2, 0, 1)
  (1, 0, 0, 1, 4, 0, 1)
  (5, 0, 0, 1, 0, 0, 1)

Path 216 (4 moves):
  (1, 1, 1, 1, 1, 1, 1)
  (1, 1, 1, 1, 2, 0, 1)
  (1, 0, 2, 1, 2, 0, 1)
  (1, 0, 3, 0, 2, 0, 1)
  (1, 0, 5, 0, 0, 0, 1)

Path 217 (4 moves):
  (1, 1, 1, 1, 1, 1, 1)
  (1, 1, 1, 1, 2, 0, 1)
  (1, 0, 2, 1, 2, 0, 1)
  (1, 0, 3, 0, 2, 0, 1)
  (1, 0, 3, 0, 0, 0, 3)

Path 218 (4 moves):
  (1, 1, 1, 1, 1, 1, 1)
  (1, 1, 1, 1, 2, 0, 1)
  (1, 0, 2, 1, 2, 0, 1)
  (1, 0, 2, 0, 3, 0, 1)
  (3, 0, 0, 0, 3, 0, 1)

Path 219 (4 moves):
  (1, 1, 1, 1, 1, 1, 1)
  (1, 1, 1, 1, 2, 0, 1)
  (1, 0, 2, 1, 2, 0, 1)
  (1, 0, 2, 0, 3, 0, 1)
  (1, 0, 0, 0, 5, 0, 1)

Path 220 (4 moves):
  (1, 1, 1, 1, 1, 1, 1)
  (1, 1, 1, 1, 2, 0, 1)
  (1, 0, 2, 1, 2, 0, 1)
  (1, 0, 4, 1, 0, 0, 1)
  (1, 0, 0, 1, 0, 0, 5)

Path 221 (4 moves):
  (1, 1, 1, 1, 1, 1, 1)
  (1, 1, 1, 1, 2, 0, 1)
  (1, 0, 2, 1, 2, 0, 1)
  (1, 0, 4, 1, 0, 0, 1)
  (1, 0, 5, 0, 0, 0, 1)

Path 222 (6 moves):
  (1, 1, 1, 1, 1, 1, 1)
  (1, 1, 1, 1, 2, 0, 1)
  (1, 0, 2, 1, 2, 0, 1)
  (1, 0, 2, 1, 0, 0, 3)
  (3, 0, 0, 1, 0, 0, 3)
  (0, 0, 0, 4, 0, 0, 3)
  (0, 0, 0, 7, 0, 0, 0)

Path 223 (6 moves):
  (1, 1, 1, 1, 1, 1, 1)
  (1, 1, 1, 1, 2, 0, 1)
  (1, 0, 2, 1, 2, 0, 1)
  (1, 0, 2, 1, 0, 0, 3)
  (3, 0, 0, 1, 0, 0, 3)
  (3, 0, 0, 4, 0, 0, 0)
  (0, 0, 0, 7, 0, 0, 0)

Path 224 (4 moves):
  (1, 1, 1, 1, 1, 1, 1)
  (1, 1, 1, 1, 2, 0, 1)
  (1, 0, 2, 1, 2, 0, 1)
  (1, 0, 2, 1, 0, 0, 3)
  (1, 0, 3, 0, 0, 0, 3)

Path 225 (6 moves):
  (1, 1, 1, 1, 1, 1, 1)
  (1, 1, 1, 1, 2, 0, 1)
  (1, 0, 2, 1, 2, 0, 1)
  (1, 0, 2, 1, 0, 0, 3)
  (1, 0, 2, 4, 0, 0, 0)
  (3, 0, 0, 4, 0, 0, 0)
  (0, 0, 0, 7, 0, 0, 0)

Path 226 (4 moves):
  (1, 1, 1, 1, 1, 1, 1)
  (1, 1, 1, 1, 1, 0, 2)
  (2, 0, 1, 1, 1, 0, 2)
  (0, 0, 3, 1, 1, 0, 2)
  (0, 0, 3, 2, 0, 0, 2)

Path 227 (4 moves):
  (1, 1, 1, 1, 1, 1, 1)
  (1, 1, 1, 1, 1, 0, 2)
  (2, 0, 1, 1, 1, 0, 2)
  (2, 0, 0, 2, 1, 0, 2)
  (2, 0, 0, 2, 3, 0, 0)

Path 228 (6 moves):
  (1, 1, 1, 1, 1, 1, 1)
  (1, 1, 1, 1, 1, 0, 2)
  (2, 0, 1, 1, 1, 0, 2)
  (2, 0, 2, 0, 1, 0, 2)
  (4, 0, 0, 0, 1, 0, 2)
  (0, 0, 0, 0, 5, 0, 2)
  (0, 0, 0, 0, 7, 0, 0)

Path 229 (6 moves):
  (1, 1, 1, 1, 1, 1, 1)
  (1, 1, 1, 1, 1, 0, 2)
  (2, 0, 1, 1, 1, 0, 2)
  (2, 0, 2, 0, 1, 0, 2)
  (4, 0, 0, 0, 1, 0, 2)
  (4, 0, 0, 0, 3, 0, 0)
  (0, 0, 0, 0, 7, 0, 0)

Path 230 (6 moves):
  (1, 1, 1, 1, 1, 1, 1)
  (1, 1, 1, 1, 1, 0, 2)
  (2, 0, 1, 1, 1, 0, 2)
  (2, 0, 1, 0, 2, 0, 2)
  (2, 0, 1, 0, 0, 0, 4)
  (0, 0, 3, 0, 0, 0, 4)
  (0, 0, 7, 0, 0, 0, 0)

Path 231 (6 moves):
  (1, 1, 1, 1, 1, 1, 1)
  (1, 1, 1, 1, 1, 0, 2)
  (2, 0, 1, 1, 1, 0, 2)
  (2, 0, 1, 0, 2, 0, 2)
  (2, 0, 1, 0, 0, 0, 4)
  (2, 0, 5, 0, 0, 0, 0)
  (0, 0, 7, 0, 0, 0, 0)

Path 232 (4 moves):
  (1, 1, 1, 1, 1, 1, 1)
  (1, 1, 1, 1, 1, 0, 2)
  (2, 0, 1, 1, 1, 0, 2)
  (2, 0, 1, 2, 0, 0, 2)
  (0, 0, 3, 2, 0, 0, 2)

Path 233 (4 moves):
  (1, 1, 1, 1, 1, 1, 1)
  (1, 1, 1, 1, 1, 0, 2)
  (2, 0, 1, 1, 1, 0, 2)
  (2, 0, 1, 1, 3, 0, 0)
  (2, 0, 0, 2, 3, 0, 0)

Path 234 (6 moves):
  (1, 1, 1, 1, 1, 1, 1)
  (1, 1, 1, 1, 1, 0, 2)
  (1, 1, 1, 1, 3, 0, 0)
  (0, 2, 1, 1, 3, 0, 0)
  (0, 2, 1, 0, 4, 0, 0)
  (0, 3, 0, 0, 4, 0, 0)
  (0, 0, 0, 0, 7, 0, 0)

Path 235 (4 moves):
  (1, 1, 1, 1, 1, 1, 1)
  (1, 1, 1, 1, 1, 0, 2)
  (1, 1, 1, 1, 3, 0, 0)
  (2, 0, 1, 1, 3, 0, 0)
  (2, 0, 0, 2, 3, 0, 0)

Path 236 (4 moves):
  (1, 1, 1, 1, 1, 1, 1)
  (1, 1, 1, 1, 1, 0, 2)
  (1, 1, 1, 1, 3, 0, 0)
  (1, 0, 2, 1, 3, 0, 0)
  (1, 0, 3, 0, 3, 0, 0)

Path 237 (6 moves):
  (1, 1, 1, 1, 1, 1, 1)
  (1, 1, 1, 1, 1, 0, 2)
  (1, 1, 1, 1, 3, 0, 0)
  (1, 2, 0, 1, 3, 0, 0)
  (1, 0, 0, 3, 3, 0, 0)
  (4, 0, 0, 0, 3, 0, 0)
  (0, 0, 0, 0, 7, 0, 0)

Path 238 (4 moves):
  (1, 1, 1, 1, 1, 1, 1)
  (1, 1, 1, 1, 1, 0, 2)
  (1, 1, 1, 1, 3, 0, 0)
  (1, 1, 0, 2, 3, 0, 0)
  (2, 0, 0, 2, 3, 0, 0)

Path 239 (6 moves):
  (1, 1, 1, 1, 1, 1, 1)
  (1, 1, 1, 1, 1, 0, 2)
  (1, 1, 1, 1, 3, 0, 0)
  (1, 1, 0, 2, 3, 0, 0)
  (1, 4, 0, 2, 0, 0, 0)
  (0, 5, 0, 2, 0, 0, 0)
  (0, 7, 0, 0, 0, 0, 0)

Path 240 (6 moves):
  (1, 1, 1, 1, 1, 1, 1)
  (1, 1, 1, 1, 1, 0, 2)
  (1, 1, 1, 1, 3, 0, 0)
  (1, 1, 0, 2, 3, 0, 0)
  (1, 4, 0, 2, 0, 0, 0)
  (1, 6, 0, 0, 0, 0, 0)
  (0, 7, 0, 0, 0, 0, 0)

Path 241 (4 moves):
  (1, 1, 1, 1, 1, 1, 1)
  (1, 1, 1, 1, 1, 0, 2)
  (1, 1, 1, 1, 3, 0, 0)
  (1, 1, 2, 0, 3, 0, 0)
  (1, 0, 3, 0, 3, 0, 0)

Path 242 (6 moves):
  (1, 1, 1, 1, 1, 1, 1)
  (1, 1, 1, 1, 1, 0, 2)
  (1, 1, 1, 1, 3, 0, 0)
  (1, 1, 1, 0, 4, 0, 0)
  (0, 2, 1, 0, 4, 0, 0)
  (0, 3, 0, 0, 4, 0, 0)
  (0, 0, 0, 0, 7, 0, 0)

Path 243 (6 moves):
  (1, 1, 1, 1, 1, 1, 1)
  (1, 1, 1, 1, 1, 0, 2)
  (1, 1, 1, 1, 3, 0, 0)
  (1, 4, 1, 1, 0, 0, 0)
  (1, 4, 0, 2, 0, 0, 0)
  (0, 5, 0, 2, 0, 0, 0)
  (0, 7, 0, 0, 0, 0, 0)

Path 244 (6 moves):
  (1, 1, 1, 1, 1, 1, 1)
  (1, 1, 1, 1, 1, 0, 2)
  (1, 1, 1, 1, 3, 0, 0)
  (1, 4, 1, 1, 0, 0, 0)
  (1, 4, 0, 2, 0, 0, 0)
  (1, 6, 0, 0, 0, 0, 0)
  (0, 7, 0, 0, 0, 0, 0)

Path 245 (6 moves):
  (1, 1, 1, 1, 1, 1, 1)
  (1, 1, 1, 1, 1, 2, 0)
  (1, 1, 0, 2, 1, 2, 0)
  (0, 2, 0, 2, 1, 2, 0)
  (0, 4, 0, 0, 1, 2, 0)
  (0, 0, 0, 0, 1, 6, 0)
  (0, 0, 0, 0, 0, 7, 0)

Path 246 (6 moves):
  (1, 1, 1, 1, 1, 1, 1)
  (1, 1, 1, 1, 1, 2, 0)
  (1, 1, 0, 2, 1, 2, 0)
  (0, 2, 0, 2, 1, 2, 0)
  (0, 4, 0, 0, 1, 2, 0)
  (0, 4, 0, 0, 0, 3, 0)
  (0, 0, 0, 0, 0, 7, 0)

Path 247 (6 moves):
  (1, 1, 1, 1, 1, 1, 1)
  (1, 1, 1, 1, 1, 2, 0)
  (1, 1, 0, 2, 1, 2, 0)
  (0, 2, 0, 2, 1, 2, 0)
  (0, 2, 0, 3, 0, 2, 0)
  (0, 0, 0, 5, 0, 2, 0)
  (0, 0, 0, 7, 0, 0, 0)

Path 248 (6 moves):
  (1, 1, 1, 1, 1, 1, 1)
  (1, 1, 1, 1, 1, 2, 0)
  (1, 1, 0, 2, 1, 2, 0)
  (0, 2, 0, 2, 1, 2, 0)
  (0, 2, 0, 3, 0, 2, 0)
  (0, 2, 0, 5, 0, 0, 0)
  (0, 0, 0, 7, 0, 0, 0)

Path 249 (6 moves):
  (1, 1, 1, 1, 1, 1, 1)
  (1, 1, 1, 1, 1, 2, 0)
  (1, 1, 0, 2, 1, 2, 0)
  (0, 2, 0, 2, 1, 2, 0)
  (0, 2, 0, 4, 1, 0, 0)
  (0, 0, 0, 6, 1, 0, 0)
  (0, 0, 0, 7, 0, 0, 0)

Path 250 (6 moves):
  (1, 1, 1, 1, 1, 1, 1)
  (1, 1, 1, 1, 1, 2, 0)
  (1, 1, 0, 2, 1, 2, 0)
  (0, 2, 0, 2, 1, 2, 0)
  (0, 2, 0, 4, 1, 0, 0)
  (0, 2, 0, 5, 0, 0, 0)
  (0, 0, 0, 7, 0, 0, 0)

Path 251 (6 moves):
  (1, 1, 1, 1, 1, 1, 1)
  (1, 1, 1, 1, 1, 2, 0)
  (1, 1, 0, 2, 1, 2, 0)
  (2, 0, 0, 2, 1, 2, 0)
  (2, 0, 0, 0, 1, 4, 0)
  (2, 0, 0, 0, 0, 5, 0)
  (7, 0, 0, 0, 0, 0, 0)

Path 252 (6 moves):
  (1, 1, 1, 1, 1, 1, 1)
  (1, 1, 1, 1, 1, 2, 0)
  (1, 1, 0, 2, 1, 2, 0)
  (2, 0, 0, 2, 1, 2, 0)
  (2, 0, 0, 2, 0, 3, 0)
  (2, 0, 0, 0, 0, 5, 0)
  (7, 0, 0, 0, 0, 0, 0)

Path 253 (6 moves):
  (1, 1, 1, 1, 1, 1, 1)
  (1, 1, 1, 1, 1, 2, 0)
  (1, 1, 0, 2, 1, 2, 0)
  (1, 3, 0, 0, 1, 2, 0)
  (0, 4, 0, 0, 1, 2, 0)
  (0, 0, 0, 0, 1, 6, 0)
  (0, 0, 0, 0, 0, 7, 0)

Path 254 (6 moves):
  (1, 1, 1, 1, 1, 1, 1)
  (1, 1, 1, 1, 1, 2, 0)
  (1, 1, 0, 2, 1, 2, 0)
  (1, 3, 0, 0, 1, 2, 0)
  (0, 4, 0, 0, 1, 2, 0)
  (0, 4, 0, 0, 0, 3, 0)
  (0, 0, 0, 0, 0, 7, 0)

Path 255 (6 moves):
  (1, 1, 1, 1, 1, 1, 1)
  (1, 1, 1, 1, 1, 2, 0)
  (1, 1, 0, 2, 1, 2, 0)
  (1, 3, 0, 0, 1, 2, 0)
  (1, 0, 0, 0, 4, 2, 0)
  (5, 0, 0, 0, 0, 2, 0)
  (0, 0, 0, 0, 0, 7, 0)

Path 256 (6 moves):
  (1, 1, 1, 1, 1, 1, 1)
  (1, 1, 1, 1, 1, 2, 0)
  (1, 1, 0, 2, 1, 2, 0)
  (1, 3, 0, 0, 1, 2, 0)
  (1, 3, 0, 0, 0, 3, 0)
  (0, 4, 0, 0, 0, 3, 0)
  (0, 0, 0, 0, 0, 7, 0)

Path 257 (6 moves):
  (1, 1, 1, 1, 1, 1, 1)
  (1, 1, 1, 1, 1, 2, 0)
  (1, 1, 0, 2, 1, 2, 0)
  (1, 1, 0, 0, 1, 4, 0)
  (2, 0, 0, 0, 1, 4, 0)
  (2, 0, 0, 0, 0, 5, 0)
  (7, 0, 0, 0, 0, 0, 0)

Path 258 (6 moves):
  (1, 1, 1, 1, 1, 1, 1)
  (1, 1, 1, 1, 1, 2, 0)
  (1, 1, 0, 2, 1, 2, 0)
  (1, 1, 0, 3, 0, 2, 0)
  (0, 2, 0, 3, 0, 2, 0)
  (0, 0, 0, 5, 0, 2, 0)
  (0, 0, 0, 7, 0, 0, 0)

Path 259 (6 moves):
  (1, 1, 1, 1, 1, 1, 1)
  (1, 1, 1, 1, 1, 2, 0)
  (1, 1, 0, 2, 1, 2, 0)
  (1, 1, 0, 3, 0, 2, 0)
  (0, 2, 0, 3, 0, 2, 0)
  (0, 2, 0, 5, 0, 0, 0)
  (0, 0, 0, 7, 0, 0, 0)

Path 260 (6 moves):
  (1, 1, 1, 1, 1, 1, 1)
  (1, 1, 1, 1, 1, 2, 0)
  (1, 1, 0, 2, 1, 2, 0)
  (1, 1, 0, 3, 0, 2, 0)
  (4, 1, 0, 0, 0, 2, 0)
  (5, 0, 0, 0, 0, 2, 0)
  (0, 0, 0, 0, 0, 7, 0)

Path 261 (6 moves):
  (1, 1, 1, 1, 1, 1, 1)
  (1, 1, 1, 1, 1, 2, 0)
  (1, 1, 0, 2, 1, 2, 0)
  (1, 1, 0, 2, 0, 3, 0)
  (2, 0, 0, 2, 0, 3, 0)
  (2, 0, 0, 0, 0, 5, 0)
  (7, 0, 0, 0, 0, 0, 0)

Path 262 (6 moves):
  (1, 1, 1, 1, 1, 1, 1)
  (1, 1, 1, 1, 1, 2, 0)
  (1, 1, 0, 2, 1, 2, 0)
  (1, 1, 0, 2, 0, 3, 0)
  (1, 3, 0, 0, 0, 3, 0)
  (0, 4, 0, 0, 0, 3, 0)
  (0, 0, 0, 0, 0, 7, 0)

Path 263 (6 moves):
  (1, 1, 1, 1, 1, 1, 1)
  (1, 1, 1, 1, 1, 2, 0)
  (1, 1, 0, 2, 1, 2, 0)
  (1, 1, 0, 4, 1, 0, 0)
  (0, 2, 0, 4, 1, 0, 0)
  (0, 0, 0, 6, 1, 0, 0)
  (0, 0, 0, 7, 0, 0, 0)

Path 264 (6 moves):
  (1, 1, 1, 1, 1, 1, 1)
  (1, 1, 1, 1, 1, 2, 0)
  (1, 1, 0, 2, 1, 2, 0)
  (1, 1, 0, 4, 1, 0, 0)
  (0, 2, 0, 4, 1, 0, 0)
  (0, 2, 0, 5, 0, 0, 0)
  (0, 0, 0, 7, 0, 0, 0)

